{
 "cells": [
  {
   "cell_type": "code",
   "execution_count": 4,
   "metadata": {},
   "outputs": [
    {
     "data": {
      "text/plain": [
       "'c:\\\\Users\\\\Ozguc\\\\Documents\\\\GitHub\\\\AugmentedRoboticFabrication'"
      ]
     },
     "execution_count": 4,
     "metadata": {},
     "output_type": "execute_result"
    }
   ],
   "source": [
    "import os\n",
    "from src.AzureKinectParser import AzureKinectMKVParser\n",
    "\n",
    "root = str(globals()['_dh'][0])\n",
    "root"
   ]
  },
  {
   "cell_type": "code",
   "execution_count": 5,
   "metadata": {},
   "outputs": [],
   "source": [
    "folder = 'nfov_85_ruled'\n",
    "\n",
    "# parser = AzureKinectMKVParser(fn=folder, root=root)\n",
    "# parser.rgbd(color=True, depth=True)\n",
    "# parser.calibration()"
   ]
  },
  {
   "cell_type": "code",
   "execution_count": 6,
   "metadata": {},
   "outputs": [
    {
     "name": "stdout",
     "output_type": "stream",
     "text": [
      "[[ 0.76232172  0.55517206  0.33264033  0.53452392]\n",
      " [-0.33127974  0.77625652 -0.53635766  0.18173034]\n",
      " [-0.55598501  0.29868009  0.77567446 -9.63793892]\n",
      " [ 0.          0.          0.          1.        ]]\n"
     ]
    },
    {
     "data": {
      "text/plain": [
       "[array([[-4.01354032e-02, -7.22544658e-01,  6.90158218e-01,\n",
       "          7.04134495e+02],\n",
       "        [-3.73141807e-01, -6.29905360e-01, -6.81164025e-01,\n",
       "          4.35933012e+02],\n",
       "        [ 9.26905789e-01, -2.84865678e-01, -2.44330114e-01,\n",
       "          1.05518603e+03],\n",
       "        [ 0.00000000e+00,  0.00000000e+00,  0.00000000e+00,\n",
       "          1.00000000e+00]]),\n",
       " array([[-1.36129342e-02, -6.84406479e-01,  7.28973566e-01,\n",
       "          6.81161677e+02],\n",
       "        [-5.00535165e-01, -6.26458918e-01, -5.97506295e-01,\n",
       "          3.18343019e+02],\n",
       "        [ 8.65609171e-01, -3.73010718e-01, -3.34041566e-01,\n",
       "          1.10827190e+03],\n",
       "        [ 0.00000000e+00,  0.00000000e+00,  0.00000000e+00,\n",
       "          1.00000000e+00]]),\n",
       " array([[ 2.02979644e-02, -6.46920255e-01,  7.62287463e-01,\n",
       "          6.65555293e+02],\n",
       "        [-6.16289863e-01, -6.08460022e-01, -4.99963205e-01,\n",
       "          1.93328224e+02],\n",
       "        [ 7.87257771e-01, -4.59641801e-01, -4.11040895e-01,\n",
       "          1.14433775e+03],\n",
       "        [ 0.00000000e+00,  0.00000000e+00,  0.00000000e+00,\n",
       "          1.00000000e+00]]),\n",
       " array([[ 6.07833930e-02, -6.10942741e-01,  7.89337916e-01,\n",
       "          6.57676427e+02],\n",
       "        [-7.17722211e-01, -5.76323283e-01, -3.90802125e-01,\n",
       "          6.37917195e+01],\n",
       "        [ 6.93671541e-01, -5.42771075e-01, -4.73518060e-01,\n",
       "          1.16254472e+03],\n",
       "        [ 0.00000000e+00,  0.00000000e+00,  0.00000000e+00,\n",
       "          1.00000000e+00]]),\n",
       " array([[ 1.06943824e-01, -5.77325725e-01,  8.09480096e-01,\n",
       "          6.57708794e+02],\n",
       "        [-8.02485056e-01, -5.30790125e-01, -2.72542802e-01,\n",
       "         -6.72546568e+01],\n",
       "        [ 5.87010012e-01, -6.20448910e-01, -5.20059992e-01,\n",
       "          1.16246993e+03],\n",
       "        [ 0.00000000e+00,  0.00000000e+00,  0.00000000e+00,\n",
       "          1.00000000e+00]]),\n",
       " array([[ 1.57684983e-01, -5.46866128e-01,  8.22236513e-01,\n",
       "          6.65651626e+02],\n",
       "        [-8.68589456e-01, -4.72925286e-01, -1.47966315e-01,\n",
       "         -1.96765390e+02],\n",
       "        [ 4.69774204e-01, -6.90853900e-01, -5.49575369e-01,\n",
       "          1.14411514e+03],\n",
       "        [ 0.00000000e+00,  0.00000000e+00,  0.00000000e+00,\n",
       "          1.00000000e+00]]),\n",
       " array([[ 2.11812888e-01, -5.20236793e-01,  8.27338492e-01,\n",
       "          6.81319740e+02],\n",
       "        [-9.14510803e-01, -4.04069221e-01, -1.99513273e-02,\n",
       "         -3.21732220e+02],\n",
       "        [ 3.44681434e-01, -7.52384040e-01, -5.61349236e-01,\n",
       "          1.10790664e+03],\n",
       "        [ 0.00000000e+00,  0.00000000e+00,  0.00000000e+00,\n",
       "          1.00000000e+00]]),\n",
       " array([[ 2.68083825e-01, -4.98079450e-01,  8.24650183e-01,\n",
       "          7.04350612e+02],\n",
       "        [-9.39183719e-01, -3.25815098e-01,  1.08528635e-01,\n",
       "         -4.39250187e+02],\n",
       "        [ 2.14627597e-01, -8.03592797e-01, -5.55133868e-01,\n",
       "          1.05468660e+03],\n",
       "        [ 0.00000000e+00,  0.00000000e+00,  0.00000000e+00,\n",
       "          1.00000000e+00]]),\n",
       " array([[ 2.91250888e-01, -5.88235060e-01,  7.54421921e-01,\n",
       "          7.85371232e+02],\n",
       "        [-9.39182196e-01, -3.25817805e-01,  1.08533688e-01,\n",
       "         -4.39250209e+02],\n",
       "        [ 1.81960774e-01, -7.40150169e-01, -6.47354620e-01,\n",
       "          1.08428938e+03],\n",
       "        [ 0.00000000e+00,  0.00000000e+00,  0.00000000e+00,\n",
       "          1.00000000e+00]]),\n",
       " array([[ 2.50487442e-01, -6.04297069e-01,  7.56360426e-01,\n",
       "          7.68693512e+02],\n",
       "        [-9.14512954e-01, -4.04063694e-01, -1.99646824e-02,\n",
       "         -3.21732147e+02],\n",
       "        [ 3.17682387e-01, -6.86700505e-01, -6.53850378e-01,\n",
       "          1.13982936e+03],\n",
       "        [ 0.00000000e+00,  0.00000000e+00,  0.00000000e+00,\n",
       "          1.00000000e+00]]),\n",
       " array([[ 2.11296989e-01, -6.23576586e-01,  7.52665811e-01,\n",
       "          7.57346280e+02],\n",
       "        [-8.68590033e-01, -4.72922633e-01, -1.47971410e-01,\n",
       "         -1.96765362e+02],\n",
       "        [ 4.48224204e-01, -6.22492108e-01, -6.41559536e-01,\n",
       "          1.17761559e+03],\n",
       "        [ 0.00000000e+00,  0.00000000e+00,  0.00000000e+00,\n",
       "          1.00000000e+00]]),\n",
       " array([[ 1.74556280e-01, -6.45637286e-01,  7.43426258e-01,\n",
       "          7.51594822e+02],\n",
       "        [-8.02479311e-01, -5.30793926e-01, -2.72552313e-01,\n",
       "         -6.72545444e+01],\n",
       "        [ 5.70576077e-01, -5.49008473e-01, -6.10763978e-01,\n",
       "          1.19676960e+03],\n",
       "        [ 0.00000000e+00,  0.00000000e+00,  0.00000000e+00,\n",
       "          1.00000000e+00]]),\n",
       " array([[ 1.41133324e-01, -6.69978047e-01,  7.28842096e-01,\n",
       "          7.51571387e+02],\n",
       "        [-7.17729320e-01, -5.76320476e-01, -3.90793210e-01,\n",
       "          6.37916062e+01],\n",
       "        [ 6.81869495e-01, -4.67957397e-01, -5.62200913e-01,\n",
       "          1.19684763e+03],\n",
       "        [ 0.00000000e+00,  0.00000000e+00,  0.00000000e+00,\n",
       "          1.00000000e+00]]),\n",
       " array([[ 1.11812495e-01, -6.96027639e-01,  7.09255590e-01,\n",
       "          7.57276523e+02],\n",
       "        [-6.16290295e-01, -6.08463410e-01, -4.99958549e-01,\n",
       "          1.93328195e+02],\n",
       "        [ 7.79541043e-01, -3.81205724e-01, -4.96988891e-01,\n",
       "          1.17784790e+03],\n",
       "        [ 0.00000000e+00,  0.00000000e+00,  0.00000000e+00,\n",
       "          1.00000000e+00]]),\n",
       " array([[ 8.72604105e-02, -7.23169566e-01,  6.85136044e-01,\n",
       "          7.68579060e+02],\n",
       "        [-5.00537609e-01, -6.26467790e-01, -5.97494945e-01,\n",
       "          3.18342943e+02],\n",
       "        [ 8.61305824e-01, -2.90798703e-01, -4.16639402e-01,\n",
       "          1.14021054e+03],\n",
       "        [ 0.00000000e+00,  0.00000000e+00,  0.00000000e+00,\n",
       "          1.00000000e+00]]),\n",
       " array([[ 6.80333859e-02, -7.50796505e-01,  6.57020598e-01,\n",
       "          7.85214717e+02],\n",
       "        [-3.73141289e-01, -6.29901167e-01, -6.81168186e-01,\n",
       "          4.35933036e+02],\n",
       "        [ 9.25276735e-01, -1.98819335e-01, -3.23007485e-01,\n",
       "          1.08481058e+03],\n",
       "        [ 0.00000000e+00,  0.00000000e+00,  0.00000000e+00,\n",
       "          1.00000000e+00]]),\n",
       " array([[ 1.75309362e-01, -7.68833725e-01,  6.14948234e-01,\n",
       "          8.69192990e+02],\n",
       "        [-3.73133923e-01, -6.29908841e-01, -6.81165125e-01,\n",
       "          4.35933074e+02],\n",
       "        [ 9.11064050e-01, -1.10043423e-01, -3.97306861e-01,\n",
       "          1.10479528e+03],\n",
       "        [ 0.00000000e+00,  0.00000000e+00,  0.00000000e+00,\n",
       "          1.00000000e+00]]),\n",
       " array([[ 1.86936977e-01, -7.52110489e-01,  6.31968653e-01,\n",
       "          8.59119641e+02],\n",
       "        [-5.00527738e-01, -6.26465986e-01, -5.97505106e-01,\n",
       "          3.18343070e+02],\n",
       "        [ 8.45296723e-01, -2.04622042e-01, -4.93561820e-01,\n",
       "          1.16175474e+03],\n",
       "        [ 0.00000000e+00,  0.00000000e+00,  0.00000000e+00,\n",
       "          1.00000000e+00]]),\n",
       " array([[ 2.01809187e-01, -7.35672062e-01,  6.46575339e-01,\n",
       "          8.52276351e+02],\n",
       "        [-6.16285330e-01, -6.08468228e-01, -4.99958806e-01,\n",
       "          1.93328237e+02],\n",
       "        [ 7.61226277e-01, -2.97578615e-01, -5.76178378e-01,\n",
       "          1.20045193e+03],\n",
       "        [ 0.00000000e+00,  0.00000000e+00,  0.00000000e+00,\n",
       "          1.00000000e+00]]),\n",
       " array([[ 2.19564081e-01, -7.19913856e-01,  6.58419056e-01,\n",
       "          8.48822603e+02],\n",
       "        [-7.17728153e-01, -5.76316533e-01, -3.90801167e-01,\n",
       "          6.37916620e+01],\n",
       "        [ 6.60800963e-01, -3.86759994e-01, -6.43240852e-01,\n",
       "          1.21998657e+03],\n",
       "        [ 0.00000000e+00,  0.00000000e+00,  0.00000000e+00,\n",
       "          1.00000000e+00]]),\n",
       " array([[ 2.39812654e-01, -7.05167534e-01,  6.67254554e-01,\n",
       "          8.48836800e+02],\n",
       "        [-8.02479820e-01, -5.30797390e-01, -2.72544069e-01,\n",
       "         -6.72545998e+01],\n",
       "        [ 5.46366204e-01, -4.70098799e-01, -6.93174646e-01,\n",
       "          1.21990633e+03],\n",
       "        [ 0.00000000e+00,  0.00000000e+00,  0.00000000e+00,\n",
       "          1.00000000e+00]]),\n",
       " array([[ 2.62038721e-01, -6.91809014e-01,  6.72856594e-01,\n",
       "          8.52318582e+02],\n",
       "        [-8.68593436e-01, -4.72916677e-01, -1.47970471e-01,\n",
       "         -1.96765403e+02],\n",
       "        [ 4.20572411e-01, -5.45664828e-01, -7.24823250e-01,\n",
       "          1.20021307e+03],\n",
       "        [ 0.00000000e+00,  0.00000000e+00,  0.00000000e+00,\n",
       "          1.00000000e+00]]),\n",
       " array([[ 2.85774045e-01, -6.80130934e-01,  6.75096369e-01,\n",
       "          8.59188943e+02],\n",
       "        [-9.14514978e-01, -4.04059784e-01, -1.99510979e-02,\n",
       "         -3.21732268e+02],\n",
       "        [ 2.86348652e-01, -6.11684235e-01, -7.37459725e-01,\n",
       "          1.16136281e+03],\n",
       "        [ 0.00000000e+00,  0.00000000e+00,  0.00000000e+00,\n",
       "          1.00000000e+00]]),\n",
       " array([[ 3.10448091e-01, -6.70416949e-01,  6.73916239e-01,\n",
       "          8.69287746e+02],\n",
       "        [-9.39185943e-01, -3.25807495e-01,  1.08532205e-01,\n",
       "         -4.39250245e+02],\n",
       "        [ 1.46805132e-01, -6.66626275e-01, -7.30792490e-01,\n",
       "          1.10425940e+03],\n",
       "        [ 0.00000000e+00,  0.00000000e+00,  0.00000000e+00,\n",
       "          1.00000000e+00]]),\n",
       " array([[ 3.25443819e-01, -7.43460637e-01,  5.84253885e-01,\n",
       "          9.54957702e+02],\n",
       "        [-9.39179073e-01, -3.25827408e-01,  1.08531879e-01,\n",
       "         -4.39250155e+02],\n",
       "        [ 1.09676749e-01, -5.84040052e-01, -8.04281187e-01,\n",
       "          1.11432246e+03],\n",
       "        [ 0.00000000e+00,  0.00000000e+00,  0.00000000e+00,\n",
       "          1.00000000e+00]]),\n",
       " array([[ 3.17176201e-01, -7.46720527e-01,  5.84643235e-01,\n",
       "          9.51576605e+02],\n",
       "        [-9.14511681e-01, -4.04067270e-01, -1.99506013e-02,\n",
       "         -3.21732235e+02],\n",
       "        [ 2.51132719e-01, -5.28335212e-01, -8.11045166e-01,\n",
       "          1.17221364e+03],\n",
       "        [ 0.00000000e+00,  0.00000000e+00,  0.00000000e+00,\n",
       "          1.00000000e+00]]),\n",
       " array([[ 3.09226559e-01, -7.50628885e-01,  5.83896576e-01,\n",
       "          9.49276308e+02],\n",
       "        [-8.68586325e-01, -4.72927708e-01, -1.47976956e-01,\n",
       "         -1.96765287e+02],\n",
       "        [ 3.87216647e-01, -4.61406176e-01, -7.98227792e-01,\n",
       "          1.21159896e+03],\n",
       "        [ 0.00000000e+00,  0.00000000e+00,  0.00000000e+00,\n",
       "          1.00000000e+00]]),\n",
       " array([[ 3.01775061e-01, -7.55104780e-01,  5.82021120e-01,\n",
       "          9.48109586e+02],\n",
       "        [-8.02488304e-01, -5.30784246e-01, -2.72544687e-01,\n",
       "         -6.72546757e+01],\n",
       "        [ 5.14727437e-01, -3.84817952e-01, -7.66140202e-01,\n",
       "          1.23156527e+03],\n",
       "        [ 0.00000000e+00,  0.00000000e+00,  0.00000000e+00,\n",
       "          1.00000000e+00]]),\n",
       " array([[ 2.95005178e-01, -7.60035047e-01,  5.79067071e-01,\n",
       "          9.48104839e+02],\n",
       "        [-7.17718718e-01, -5.76328984e-01, -3.90800133e-01,\n",
       "          6.37917386e+01],\n",
       "        [ 6.30754934e-01, -3.00319213e-01, -7.15511414e-01,\n",
       "          1.23164662e+03],\n",
       "        [ 0.00000000e+00,  0.00000000e+00,  0.00000000e+00,\n",
       "          1.00000000e+00]]),\n",
       " array([[ 2.89056307e-01, -7.65318169e-01,  5.75095254e-01,\n",
       "          9.49262165e+02],\n",
       "        [-6.16296802e-01, -6.08460373e-01, -4.99954224e-01,\n",
       "          1.93328119e+02],\n",
       "        [ 7.32546725e-01, -2.09914444e-01, -6.47542448e-01,\n",
       "          1.21184110e+03],\n",
       "        [ 0.00000000e+00,  0.00000000e+00,  0.00000000e+00,\n",
       "          1.00000000e+00]]),\n",
       " array([[ 2.84079465e-01, -7.70823714e-01,  5.70201420e-01,\n",
       "          9.51553399e+02],\n",
       "        [-5.00533288e-01, -6.26460141e-01, -5.97506585e-01,\n",
       "          3.18343035e+02],\n",
       "        [ 8.17780707e-01, -1.15665440e-01, -5.63787390e-01,\n",
       "          1.17261096e+03],\n",
       "        [ 0.00000000e+00,  0.00000000e+00,  0.00000000e+00,\n",
       "          1.00000000e+00]]),\n",
       " array([[ 2.80176051e-01, -7.76427557e-01,  5.64501221e-01,\n",
       "          9.54925961e+02],\n",
       "        [-3.73149828e-01, -6.29895509e-01, -6.81168741e-01,\n",
       "          4.35932977e+02],\n",
       "        [ 8.84454966e-01, -1.97963656e-02, -4.66205445e-01,\n",
       "          1.11486572e+03],\n",
       "        [ 0.00000000e+00,  0.00000000e+00,  0.00000000e+00,\n",
       "          1.00000000e+00]]),\n",
       " array([[ 3.81255861e-01, -7.73443362e-01,  5.06388520e-01,\n",
       "          1.04124920e+03],\n",
       "        [-3.73145484e-01, -6.29905687e-01, -6.81161709e-01,\n",
       "          4.35932975e+02],\n",
       "        [ 8.45817011e-01,  7.07403042e-02, -5.28762133e-01,\n",
       "          1.11488692e+03],\n",
       "        [ 0.00000000e+00,  0.00000000e+00,  0.00000000e+00,\n",
       "          1.00000000e+00]]),\n",
       " array([[ 3.77352743e-01, -7.79047901e-01,  5.00688801e-01,\n",
       "          1.04462176e+03],\n",
       "        [-5.00533286e-01, -6.26460147e-01, -5.97506581e-01,\n",
       "          3.18343035e+02],\n",
       "        [ 7.79147828e-01, -2.51406632e-02, -6.26335860e-01,\n",
       "          1.17263216e+03],\n",
       "        [ 0.00000000e+00,  0.00000000e+00,  0.00000000e+00,\n",
       "          1.00000000e+00]]),\n",
       " array([[ 3.72375807e-01, -7.84553224e-01,  4.95794814e-01,\n",
       "          1.04691399e+03],\n",
       "        [-6.16297073e-01, -6.08459738e-01, -4.99954663e-01,\n",
       "          1.93328119e+02],\n",
       "        [ 6.93912225e-01, -1.19385871e-01, -7.10093541e-01,\n",
       "          1.21186229e+03],\n",
       "        [ 0.00000000e+00,  0.00000000e+00,  0.00000000e+00,\n",
       "          1.00000000e+00]]),\n",
       " array([[ 3.66426933e-01, -7.89836341e-01,  4.91822994e-01,\n",
       "          1.04807032e+03],\n",
       "        [-7.17721909e-01, -5.76321507e-01, -3.90805299e-01,\n",
       "          6.37917404e+01],\n",
       "        [ 5.92120397e-01, -2.09790550e-01, -7.78062569e-01,\n",
       "          1.23166782e+03],\n",
       "        [ 0.00000000e+00,  0.00000000e+00,  0.00000000e+00,\n",
       "          1.00000000e+00]]),\n",
       " array([[ 3.59657051e-01, -7.94766608e-01,  4.88868944e-01,\n",
       "          1.04806557e+03],\n",
       "        [-8.02485113e-01, -5.30791723e-01, -2.72539521e-01,\n",
       "         -6.72546775e+01],\n",
       "        [ 4.76092900e-01, -2.94289290e-01, -8.28691357e-01,\n",
       "          1.23158646e+03],\n",
       "        [ 0.00000000e+00,  0.00000000e+00,  0.00000000e+00,\n",
       "          1.00000000e+00]]),\n",
       " array([[ 3.52205555e-01, -7.99242508e-01,  4.86993492e-01,\n",
       "          1.04689985e+03],\n",
       "        [-8.68586054e-01, -4.72928343e-01, -1.47976518e-01,\n",
       "         -1.96765288e+02],\n",
       "        [ 3.48582148e-01, -3.70877604e-01, -8.60778885e-01,\n",
       "          1.21162015e+03],\n",
       "        [ 0.00000000e+00,  0.00000000e+00,  0.00000000e+00,\n",
       "          1.00000000e+00]]),\n",
       " array([[ 3.44256008e-01, -8.03151088e-01,  4.86246986e-01,\n",
       "          1.04459855e+03],\n",
       "        [-9.14511684e-01, -4.04067264e-01, -1.99506052e-02,\n",
       "         -3.21732235e+02],\n",
       "        [ 2.12499840e-01, -4.37810434e-01, -8.73593636e-01,\n",
       "          1.17223484e+03],\n",
       "        [ 0.00000000e+00,  0.00000000e+00,  0.00000000e+00,\n",
       "          1.00000000e+00]]),\n",
       " array([[ 3.35988093e-01, -8.06410283e-01,  4.86635856e-01,\n",
       "          1.04121746e+03],\n",
       "        [-9.39183417e-01, -3.25817229e-01,  1.08524846e-01,\n",
       "         -4.39250152e+02],\n",
       "        [ 7.10387943e-02, -4.93503382e-01, -8.66837875e-01,\n",
       "          1.11434366e+03],\n",
       "        [ 0.00000000e+00,  0.00000000e+00,  0.00000000e+00,\n",
       "          1.00000000e+00]]),\n",
       " array([[ 3.41988033e-01, -8.58374990e-01,  3.82408893e-01,\n",
       "          1.12689335e+03],\n",
       "        [-9.39178654e-01, -3.25824576e-01,  1.08544007e-01,\n",
       "         -4.39250249e+02],\n",
       "        [ 3.14267542e-02, -3.96271021e-01, -9.17595574e-01,\n",
       "          1.10432269e+03],\n",
       "        [ 0.00000000e+00,  0.00000000e+00,  0.00000000e+00,\n",
       "          1.00000000e+00]]),\n",
       " array([[ 3.66661750e-01, -8.48660236e-01,  3.81228232e-01,\n",
       "          1.13699115e+03],\n",
       "        [-9.14510230e-01, -4.04070909e-01, -1.99434111e-02,\n",
       "         -3.21732271e+02],\n",
       "        [ 1.70968418e-01, -3.41324632e-01, -9.24265814e-01,\n",
       "          1.16142611e+03],\n",
       "        [ 0.00000000e+00,  0.00000000e+00,  0.00000000e+00,\n",
       "          1.00000000e+00]]),\n",
       " array([[ 3.90397627e-01, -8.36983450e-01,  3.83468901e-01,\n",
       "          1.14386151e+03],\n",
       "        [-8.68588235e-01, -4.72928863e-01, -1.47962052e-01,\n",
       "         -1.96765406e+02],\n",
       "        [ 3.05195299e-01, -2.75312542e-01, -9.11624283e-01,\n",
       "          1.20027637e+03],\n",
       "        [ 0.00000000e+00,  0.00000000e+00,  0.00000000e+00,\n",
       "          1.00000000e+00]]),\n",
       " array([[ 4.12624950e-01, -8.23627872e-01,  3.89072973e-01,\n",
       "          1.14734429e+03],\n",
       "        [-8.02485471e-01, -5.30784148e-01, -2.72553218e-01,\n",
       "         -6.72545967e+01],\n",
       "        [ 4.30996194e-01, -1.99763151e-01, -8.79964184e-01,\n",
       "          1.21996962e+03],\n",
       "        [ 0.00000000e+00,  0.00000000e+00,  0.00000000e+00,\n",
       "          1.00000000e+00]]),\n",
       " array([[ 4.32873522e-01, -8.08881550e-01,  3.97908471e-01,\n",
       "          1.14735849e+03],\n",
       "        [-7.17722502e-01, -5.76329775e-01, -3.90792017e-01,\n",
       "          6.37916589e+01],\n",
       "        [ 5.45430953e-01, -1.16424346e-01, -8.30030390e-01,\n",
       "          1.22004986e+03],\n",
       "        [ 0.00000000e+00,  0.00000000e+00,  0.00000000e+00,\n",
       "          1.00000000e+00]]),\n",
       " array([[ 4.50627161e-01, -7.93120402e-01,  4.09750156e-01,\n",
       "          1.14390374e+03],\n",
       "        [-6.16290530e-01, -6.08456042e-01, -4.99967226e-01,\n",
       "          1.93328240e+02],\n",
       "        [ 6.45849166e-01, -2.72263293e-02, -7.62979411e-01,\n",
       "          1.20051523e+03],\n",
       "        [ 0.00000000e+00,  0.00000000e+00,  0.00000000e+00,\n",
       "          1.00000000e+00]]),\n",
       " array([[ 4.65498818e-01, -7.76680681e-01,  4.24355948e-01,\n",
       "          1.13706045e+03],\n",
       "        [-5.00532486e-01, -6.26454861e-01, -5.97512793e-01,\n",
       "          3.18343073e+02],\n",
       "        [ 7.29916489e-01,  6.57375612e-02, -6.80367910e-01,\n",
       "          1.16181803e+03],\n",
       "        [ 0.00000000e+00,  0.00000000e+00,  0.00000000e+00,\n",
       "          1.00000000e+00]]),\n",
       " array([[ 4.77126762e-01, -7.59958214e-01,  4.41376898e-01,\n",
       "          1.12698810e+03],\n",
       "        [-3.73141212e-01, -6.29891761e-01, -6.81176927e-01,\n",
       "          4.35933078e+02],\n",
       "        [ 7.95685672e-01,  1.60311831e-01, -5.84109945e-01,\n",
       "          1.10485857e+03],\n",
       "        [ 0.00000000e+00,  0.00000000e+00,  0.00000000e+00,\n",
       "          1.00000000e+00]]),\n",
       " array([[ 5.66530837e-01, -7.36117897e-01,  3.70369076e-01,\n",
       "          1.21097618e+03],\n",
       "        [-3.73141927e-01, -6.29899672e-01, -6.81169219e-01,\n",
       "          4.35933036e+02],\n",
       "        [ 7.34716213e-01,  2.47703137e-01, -6.31534039e-01,\n",
       "          1.08491511e+03],\n",
       "        [ 0.00000000e+00,  0.00000000e+00,  0.00000000e+00,\n",
       "          1.00000000e+00]]),\n",
       " array([[ 5.47306375e-01, -7.63750840e-01,  3.42257779e-01,\n",
       "          1.22761184e+03],\n",
       "        [-5.00544729e-01, -6.26451107e-01, -5.97506473e-01,\n",
       "          3.18342947e+02],\n",
       "        [ 6.70753834e-01,  1.55703774e-01, -7.25152142e-01,\n",
       "          1.14031507e+03],\n",
       "        [ 0.00000000e+00,  0.00000000e+00,  0.00000000e+00,\n",
       "          1.00000000e+00]]),\n",
       " array([[ 5.22755094e-01, -7.90894650e-01,  3.18139535e-01,\n",
       "          1.23891337e+03],\n",
       "        [-6.16292019e-01, -6.08459370e-01, -4.99961341e-01,\n",
       "          1.93328196e+02],\n",
       "        [ 5.88991731e-01,  6.52904816e-02, -8.05497296e-01,\n",
       "          1.17795243e+03],\n",
       "        [ 0.00000000e+00,  0.00000000e+00,  0.00000000e+00,\n",
       "          1.00000000e+00]]),\n",
       " array([[ 4.93432677e-01, -8.16940523e-01,  2.98550458e-01,\n",
       "          1.24461951e+03],\n",
       "        [-7.17728268e-01, -5.76322940e-01, -3.90791507e-01,\n",
       "          6.37916056e+01],\n",
       "        [ 4.91314895e-01, -2.14488034e-02, -8.70717878e-01,\n",
       "          1.19695217e+03],\n",
       "        [ 0.00000000e+00,  0.00000000e+00,  0.00000000e+00,\n",
       "          1.00000000e+00]]),\n",
       " array([[ 4.60009721e-01, -8.41281284e-01,  2.83966296e-01,\n",
       "          1.24459607e+03],\n",
       "        [-8.02480363e-01, -5.30791462e-01, -2.72554015e-01,\n",
       "         -6.72545438e+01],\n",
       "        [ 3.80021478e-01, -1.02499880e-01, -9.19280942e-01,\n",
       "          1.19687413e+03],\n",
       "        [ 0.00000000e+00,  0.00000000e+00,  0.00000000e+00,\n",
       "          1.00000000e+00]]),\n",
       " array([[ 4.23270600e-01, -8.63345704e-01,  2.74729313e-01,\n",
       "          1.23884362e+03],\n",
       "        [-8.68588309e-01, -4.72926673e-01, -1.47968619e-01,\n",
       "         -1.96765363e+02],\n",
       "        [ 2.57674891e-01, -1.75995903e-01, -9.50067941e-01,\n",
       "          1.17772012e+03],\n",
       "        [ 0.00000000e+00,  0.00000000e+00,  0.00000000e+00,\n",
       "          1.00000000e+00]]),\n",
       " array([[ 3.84079343e-01, -8.82623338e-01,  2.71033396e-01,\n",
       "          1.22749738e+03],\n",
       "        [-9.14505834e-01, -4.04080378e-01, -1.99531550e-02,\n",
       "         -3.21732151e+02],\n",
       "        [ 1.27130397e-01, -2.40198028e-01, -9.62363117e-01,\n",
       "          1.13993389e+03],\n",
       "        [ 0.00000000e+00,  0.00000000e+00,  0.00000000e+00,\n",
       "          1.00000000e+00]]),\n",
       " array([[ 3.43313334e-01, -8.98679342e-01,  2.72967754e-01,\n",
       "          1.21081966e+03],\n",
       "        [-9.39181558e-01, -3.25819299e-01,  1.08534720e-01,\n",
       "         -4.39250210e+02],\n",
       "        [-8.59974883e-03, -2.93627697e-01, -9.55881175e-01,\n",
       "          1.08439392e+03],\n",
       "        [ 0.00000000e+00,  0.00000000e+00,  0.00000000e+00,\n",
       "          1.00000000e+00]]),\n",
       " array([[ 3.39983854e-01, -9.26748104e-01,  1.59840326e-01,\n",
       "          1.29185482e+03],\n",
       "        [-9.39179559e-01, -3.25824845e-01,  1.08535370e-01,\n",
       "         -4.39250190e+02],\n",
       "        [-4.85049988e-02, -1.87019041e-01, -9.81158062e-01,\n",
       "          1.05483095e+03],\n",
       "        [ 0.00000000e+00,  0.00000000e+00,  0.00000000e+00,\n",
       "          1.00000000e+00]]),\n",
       " array([[ 3.96254960e-01, -9.04591158e-01,  1.57152291e-01,\n",
       "          1.31488469e+03],\n",
       "        [-9.14511744e-01, -4.04067017e-01, -1.99528500e-02,\n",
       "         -3.21732219e+02],\n",
       "        [ 8.15492294e-02, -1.35811200e-01, -9.87372797e-01,\n",
       "          1.10805098e+03],\n",
       "        [ 0.00000000e+00,  0.00000000e+00,  0.00000000e+00,\n",
       "          1.00000000e+00]]),\n",
       " array([[ 4.50385007e-01, -8.77966840e-01,  1.62257737e-01,\n",
       "          1.33055380e+03],\n",
       "        [-8.68591034e-01, -4.72921589e-01, -1.47968869e-01,\n",
       "         -1.96765389e+02],\n",
       "        [ 2.06646947e-01, -7.42926551e-02, -9.75590919e-01,\n",
       "          1.14425948e+03],\n",
       "        [ 0.00000000e+00,  0.00000000e+00,  0.00000000e+00,\n",
       "          1.00000000e+00]]),\n",
       " array([[ 5.01121488e-01, -8.47496283e-01,  1.75006581e-01,\n",
       "          1.33849664e+03],\n",
       "        [-8.02486272e-01, -5.30787276e-01, -2.72544770e-01,\n",
       "         -6.72546561e+01],\n",
       "        [ 3.23871947e-01, -3.86233810e-03, -9.46093042e-01,\n",
       "          1.16261428e+03],\n",
       "        [ 0.00000000e+00,  0.00000000e+00,  0.00000000e+00,\n",
       "          1.00000000e+00]]),\n",
       " array([[ 5.47281920e-01, -8.13879267e-01,  1.95148761e-01,\n",
       "          1.33852901e+03],\n",
       "        [-7.17720995e-01, -5.76326132e-01, -3.90800157e-01,\n",
       "          6.37917188e+01],\n",
       "        [ 4.30533476e-01,  7.38154970e-02, -8.99551109e-01,\n",
       "          1.16268907e+03],\n",
       "        [ 0.00000000e+00,  0.00000000e+00,  0.00000000e+00,\n",
       "          1.00000000e+00]]),\n",
       " array([[ 5.87772025e-01, -7.77912714e-01,  2.22206787e-01,\n",
       "          1.33065014e+03],\n",
       "        [-6.16288285e-01, -6.08463720e-01, -4.99960650e-01,\n",
       "          1.93328223e+02],\n",
       "        [ 5.24130514e-01,  1.56919444e-01, -8.37056445e-01,\n",
       "          1.14448209e+03],\n",
       "        [ 0.00000000e+00,  0.00000000e+00,  0.00000000e+00,\n",
       "          1.00000000e+00]]),\n",
       " array([[ 6.21680783e-01, -7.40421472e-01,  2.55517218e-01,\n",
       "          1.31504276e+03],\n",
       "        [-5.00534225e-01, -6.26461122e-01, -5.97504773e-01,\n",
       "          3.18343019e+02],\n",
       "        [ 6.02476966e-01,  2.43562122e-01, -7.60065128e-01,\n",
       "          1.10841625e+03],\n",
       "        [ 0.00000000e+00,  0.00000000e+00,  0.00000000e+00,\n",
       "          1.00000000e+00]]),\n",
       " array([[ 6.48203083e-01, -7.02282896e-01,  2.94332291e-01,\n",
       "          1.29207094e+03],\n",
       "        [-3.73145967e-01, -6.29895614e-01, -6.81170759e-01,\n",
       "          4.35933015e+02],\n",
       "        [ 6.63773193e-01,  3.31708079e-01, -6.70354309e-01,\n",
       "          1.05533038e+03],\n",
       "        [ 0.00000000e+00,  0.00000000e+00,  0.00000000e+00,\n",
       "          1.00000000e+00]])]"
      ]
     },
     "execution_count": 6,
     "metadata": {},
     "output_type": "execute_result"
    }
   ],
   "source": [
    "from src.ModParser import T_ROBParser\n",
    "\n",
    "parser = T_ROBParser(fn=folder, root=root, cam2tcp=\"cam2tcp_tsai_depth.npy\")\n",
    "parser.tcp2base()\n",
    "parser.cam2base()"
   ]
  }
 ],
 "metadata": {
  "interpreter": {
   "hash": "affac053bf83244b8029a0c18ce67c977e58ec37167172768ee8e4194768d7aa"
  },
  "kernelspec": {
   "display_name": "Python 3.8.12 64-bit ('azure': conda)",
   "name": "python3"
  },
  "language_info": {
   "codemirror_mode": {
    "name": "ipython",
    "version": 3
   },
   "file_extension": ".py",
   "mimetype": "text/x-python",
   "name": "python",
   "nbconvert_exporter": "python",
   "pygments_lexer": "ipython3",
   "version": "3.8.3"
  },
  "orig_nbformat": 4
 },
 "nbformat": 4,
 "nbformat_minor": 2
}
