-1 0 64
-0.21603969 -0.95245896  0.21482267  0.78190784
 -0.70920939  0.00185664 -0.70499545  0.7083995 
  0.67108039 -0.30466125 -0.67589395  1.02289051
  0.          0.          0.          1.        
0 1 64
-0.15501231 -0.97593379  0.15337673  0.84310325
 -0.70920967  0.00185091 -0.70499519  0.7083995 
  0.68774474 -0.21805919 -0.69242859  1.03973066
  0.          0.          0.          1.        
1 2 64
-0.09273718 -0.99155208  0.09068784  0.90556205
 -0.70920451  0.0018503  -0.70500038  0.7083995 
  0.69887679 -0.12969597 -0.7033848   1.05101796
  0.          0.          0.          1.        
2 3 64
-0.02972207 -0.99918598  0.02727606  0.968781  
 -0.70920753  0.00185107 -0.70499734  0.7083995 
  0.70437296 -0.04029837 -0.70868524  1.05666178
  0.          0.          0.          1.        
3 4 64
 0.03353156 -0.99877562 -0.0363716   1.0322509 
 -0.70920756  0.00186333 -0.70499728  0.7083995 
  0.70420187  0.04943467 -0.70827674  1.05661543
  0.          0.          0.          1.        
4 5 64
 0.096516   -0.99032447 -0.09971015  1.09546153
 -0.70920454  0.00186414 -0.70500031  0.7083995 
  0.69836493  0.1387587  -0.70216269  1.05087931
  0.          0.          0.          1.        
5 6 64
 0.15873003 -0.97389871 -0.16225317  1.15790379
 -0.70920969  0.00186346 -0.70499514  0.7083995 
  0.6868962   0.22697542 -0.69040261  1.03950081
  0.          0.          0.          1.        
6 7 64
 0.21966638 -0.94963287 -0.22348177  1.21907454
 -0.7092094   0.00185774 -0.70499545  0.7083995 
  0.66990202  0.31335916 -0.67308047  1.02257132
  0.          0.          0.          1.        
7 8 64
-1.61819040e-01 -9.52551683e-01  2.57798155e-01  7.38676863e-01
 -8.48303310e-01  8.03026192e-04 -5.29510008e-01  5.33237827e-01
  5.04178631e-01 -3.04375829e-01 -8.08182691e-01  1.15594223e+00
  0.00000000e+00  0.00000000e+00  0.00000000e+00  1.00000000e+00
8 9 64
-1.15977498e-01 -9.75997631e-01  1.84330799e-01  8.11972617e-01
 -8.48303442e-01  7.98306392e-04 -5.29509804e-01  5.33237829e-01
  5.16653163e-01 -2.17779673e-01 -8.28034736e-01  1.17612210e+00
  0.00000000e+00  0.00000000e+00  0.00000000e+00  1.00000000e+00
9 10 64
-6.91962397e-02 -9.91590422e-01  1.09363229e-01  8.86782274e-01
 -8.48298586e-01  7.96013481e-04 -5.29517587e-01  5.33237835e-01
  5.24977513e-01 -1.29413298e-01 -8.41219834e-01  1.18965091e+00
  0.00000000e+00  0.00000000e+00  0.00000000e+00  1.00000000e+00
10 11 64
-2.18447035e-02 -9.99199640e-01  3.35095160e-02  9.62504374e-01
 -8.48298298e-01  7.87561182e-04 -5.29518061e-01  5.33237839e-01
  5.29067866e-01 -3.99932304e-02 -8.47636558e-01  1.19641997e+00
  0.00000000e+00  0.00000000e+00  0.00000000e+00  1.00000000e+00
11 12 64
 2.56541899e-02 -9.98762570e-01 -4.26050563e-02  1.03852752e+00
 -8.48298319e-01  7.98726832e-04 -5.29518010e-01  5.33237834e-01
  5.28896799e-01  4.97261533e-02 -8.47228119e-01  1.19637364e+00
  0.00000000e+00  0.00000000e+00  0.00000000e+00  1.00000000e+00
12 13 64
 7.29750490e-02 -9.90282540e-01 -1.18385524e-01  1.11424131e+00
 -8.48298575e-01  7.90269527e-04 -5.29517613e-01  5.33237838e-01
  5.24465604e-01  1.39067845e-01 -8.39997598e-01  1.18951225e+00
  0.00000000e+00  0.00000000e+00  0.00000000e+00  1.00000000e+00
13 14 64
 1.19695206e-01 -9.73829570e-01 -1.93207209e-01  1.18903442e+00
 -8.48303422e-01  7.87887355e-04 -5.29509852e-01  5.33237834e-01
  5.15804577e-01  2.27278127e-01 -8.26008651e-01  1.17589224e+00
  0.00000000e+00  0.00000000e+00  0.00000000e+00  1.00000000e+00
14 15 64
 1.65445733e-01 -9.49541067e-01 -2.66457258e-01  1.26230552e+00
 -8.48303272e-01  7.83170143e-04 -5.29510099e-01  5.33237837e-01
  5.03000266e-01  3.13641751e-01 -8.05369223e-01  1.15562304e+00
  0.00000000e+00  0.00000000e+00  0.00000000e+00  1.00000000e+00
15 16 64
-9.93845377e-02 -9.52564719e-01  2.87651126e-01  7.08573999e-01
 -9.44860440e-01 -3.08113635e-04 -3.27473136e-01  3.31337699e-01
  3.12027985e-01 -3.04335936e-01 -9.00010097e-01  1.24858789e+00
  0.00000000e+00  0.00000000e+00  0.00000000e+00  1.00000000e+00
16 17 64
-7.10050128e-02 -9.76013439e-01  2.05805868e-01  7.90295844e-01
 -9.44859412e-01 -3.14286033e-04 -3.27476095e-01  3.31337704e-01
  3.19685751e-01 -2.17710056e-01 -9.22173168e-01  1.27109384e+00
  0.00000000e+00  0.00000000e+00  0.00000000e+00  1.00000000e+00
17 18 64
-4.20607889e-02 -9.91598743e-01  1.22322619e-01  8.73706016e-01
 -9.44860895e-01 -3.18289029e-04 -3.27471811e-01  3.31337703e-01
  3.24759570e-01 -1.29351582e-01 -9.36909489e-01  1.28618376e+00
  0.00000000e+00  0.00000000e+00  0.00000000e+00  1.00000000e+00
18 19 64
-1.27950752e-02 -9.99201505e-01  3.78501982e-02  9.58133928e-01
 -9.44859544e-01 -3.05716144e-04 -3.27475721e-01  3.31337700e-01
  3.27225805e-01 -3.99531975e-02 -9.44101167e-01  1.29373588e+00
  0.00000000e+00  0.00000000e+00  0.00000000e+00  1.00000000e+00
19 20 64
 1.66045592e-02 -9.98759424e-01 -4.69457327e-02  1.04289797e+00
 -9.44859525e-01 -3.15777835e-04 -3.27475767e-01  3.31337705e-01
  3.27054684e-01  4.97947135e-02 -9.43692598e-01  1.29368953e+00
  0.00000000e+00  0.00000000e+00  0.00000000e+00  1.00000000e+00
20 21 64
 4.58396023e-02 -9.90276346e-01 -1.31344925e-01  1.12731757e+00
 -9.44860924e-01 -3.03246318e-04 -3.27471743e-01  3.31337695e-01
  3.24247691e-01  1.39113861e-01 -9.35687324e-01  1.28604510e+00
  0.00000000e+00  0.00000000e+00  0.00000000e+00  1.00000000e+00
21 22 64
 7.47227354e-02 -9.73821348e-01 -2.14682313e-01  1.21071119e+00
 -9.44859426e-01 -3.07204459e-04 -3.27476063e-01  3.31337701e-01
  3.18837229e-01  2.27314514e-01 -9.20147234e-01  1.27086400e+00
  0.00000000e+00  0.00000000e+00  0.00000000e+00  1.00000000e+00
22 23 64
 1.03011217e-01 -9.49520383e-01 -2.96310194e-01  1.29240838e+00
 -9.44860430e-01 -3.13407419e-04 -3.27473160e-01  3.31337701e-01
  3.10849574e-01  3.13705186e-01 -8.97196522e-01  1.24826869e+00
  0.00000000e+00  0.00000000e+00  0.00000000e+00  1.00000000e+00
23 24 64
-0.03186583 -0.95250888  0.30283889  0.69310925
 -0.99403894 -0.00140531 -0.10901655  0.11282249
  0.10426482 -0.30450755 -0.94678614  1.29618333
  0.          0.          0.          1.        
24 25 64
-0.02238491 -0.97597013  0.21675152  0.77915977
 -0.99404018 -0.00140941 -0.10900522  0.11282248
  0.10669133 -0.21789979 -0.97012197  1.31988445
  0.          0.          0.          1.        
25 26 64
-0.01273749 -0.99157362  0.12891667  0.86698903
 -0.9940384  -0.00140498 -0.1090215   0.11282249
  0.10828396 -0.12953678 -0.98564436  1.33577581
  0.          0.          0.          1.        
26 27 64
-0.00298691 -0.99919339  0.04004567  0.95588824
 -0.99403838 -0.00139788 -0.1090218   0.11282249
  0.10898984 -0.04013257 -0.9932324   1.34373067
  0.          0.          0.          1.        
27 28 64
 0.00679639 -0.99876872 -0.04914121  1.04514365
 -0.99403837 -0.00140014 -0.10902181  0.11282249
  0.10881877  0.0495892  -0.99282394  1.34368433
  0.          0.          0.          1.        
28 29 64
 0.0165163  -0.99030301 -0.13793898  1.13403456
 -0.99403842 -0.00139304 -0.10902144  0.11282248
  0.10777211  0.13891728 -0.98442225  1.33563716
  0.          0.          0.          1.        
29 30 64
 0.02610263 -0.97386379 -0.22562796  1.22184727
 -0.99404022 -0.00138876 -0.10900513  0.11282247
  0.1058428   0.22712859 -0.96809602  1.31965461
  0.          0.          0.          1.        
30 31 64
 0.03549252 -0.94958374 -0.31149799  1.30787313
 -0.99403897 -0.00139275 -0.10901649  0.11282248
  0.10308645  0.31351041 -0.94397267  1.29586414
  0.          0.          0.          1.        
31 32 64
 0.03731898 -0.95237604  0.30263374  0.69305795
 -0.993373   -0.00241089  0.11490986 -0.11134879
 -0.10870778 -0.3049165  -0.94615461  1.29634125
  0.          0.          0.          1.        
32 33 64
 0.02741785 -0.9758745   0.21660384  0.77912284
 -0.99337432 -0.00240679  0.11489853 -0.11134878
 -0.11160523 -0.21831896 -0.96947465  1.32004632
  0.          0.          0.          1.        
33 34 64
 0.01730968 -0.99151593  0.12882757  0.86696675
 -0.99337243 -0.00241122  0.1149148  -0.11134879
 -0.11362922 -0.12996289 -0.98498632  1.33594036
  0.          0.          0.          1.        
34 35 64
 0.00706155 -0.99917409  0.04001587  0.95588079
 -0.99337237 -0.00241832  0.11491511 -0.11134879
 -0.11472343 -0.04056214 -0.99256901  1.34389656
  0.          0.          0.          1.        
35 36 64
-0.00325206 -0.99878801 -0.04911141  1.0451511 
 -0.99337238 -0.00241606  0.11491512 -0.11134879
 -0.1148945   0.04915963 -0.99216056  1.34385022
  0.          0.          0.          1.        
36 37 64
-0.01353086 -0.99036071 -0.13784988  1.13405684
 -0.9933724  -0.00242316  0.11491474 -0.11134879
 -0.11414108  0.13849116 -0.98376421  1.33580171
  0.          0.          0.          1.        
37 38 64
-0.02370013 -0.97395942 -0.22548028  1.2218842 
 -0.99337428 -0.00242744  0.11489844 -0.11134877
 -0.11245376  0.22670942 -0.9674487   1.31981648
  0.          0.          0.          1.        
38 39 64
-0.03369229 -0.94971659 -0.31129284  1.30792443
 -0.99337297 -0.00242345  0.1149098  -0.11134878
 -0.10988615  0.31310147 -0.94334114  1.29602206
  0.          0.          0.          1.        
39 40 64
 0.10474615 -0.95217275  0.28704581  0.70842263
 -0.94289594 -0.00331673  0.33307093 -0.3299379 
 -0.31618901 -0.30554223 -0.89814723  1.24905373
  0.          0.          0.          1.        
40 41 64
 0.07597199 -0.97573122  0.20537003  0.79018686
 -0.94289492 -0.00331055  0.33307388 -0.32993791
 -0.3243107  -0.21894665 -0.92026351  1.27157138
  0.          0.          0.          1.        
41 42 64
 0.04659324 -0.99142851  0.12205973  0.87364028
 -0.94289644 -0.00330655  0.33306961 -0.3299379 
 -0.32981111 -0.13060848 -0.93496848  1.28666913
  0.          0.          0.          1.        
42 43 64
 0.01685648 -0.99914457  0.03776227  0.95811194
 -0.94289502 -0.00331912  0.33307351 -0.3299379 
 -0.33266325 -0.04122031 -0.94214439  1.2942252 
  0.          0.          0.          1.        
43 44 64
-0.013047   -0.99881636 -0.04685781  1.04291995
 -0.94289504 -0.00330906  0.33307356 -0.32993791
 -0.33283437  0.0485276  -0.94173582  1.29417885
  0.          0.          0.          1.        
44 45 64
-0.04281443 -0.99044658 -0.13108204  1.12738331
 -0.94289641 -0.0033216   0.33306954 -0.32993789
 -0.33032299  0.13785696 -0.93374631  1.28653048
  0.          0.          0.          1.        
45 46 64
-0.07225427 -0.97410357 -0.21424648  1.21082018
 -0.94289491 -0.00331763  0.33307385 -0.3299379 
 -0.32515922  0.22607792 -0.91823758  1.27134153
  0.          0.          0.          1.        
46 47 64
-0.10111947 -0.94991235 -0.29570488  1.29255974
 -0.94289595 -0.00331143  0.33307096 -0.3299379 
 -0.31736742  0.31249889 -0.89533366  1.24873453
  0.          0.          0.          1.        
47 48 64
 0.16700199 -0.95192029  0.2568231   0.73843304
 -0.84513876 -0.00405475  0.5345316  -0.53198211
 -0.50779012 -0.306319   -0.80518188  1.15669262
  0.          0.          0.          1.        
48 49 64
 0.12081593 -0.97554294  0.18362863  0.81179703
 -0.84513891 -0.00405003  0.5345314  -0.53198212
 -0.52071463 -0.21977161 -0.82495861  1.17689133
  0.          0.          0.          1.        
49 50 64
 0.07365112 -0.99131613  0.10893964  0.88667635
 -0.84513402 -0.00404772  0.53453915 -0.53198213
 -0.52945633 -0.13143801 -0.8380931   1.19043279
  0.          0.          0.          1.        
50 51 64
 0.02588014 -0.999108    0.033368    0.96246899
 -0.84513376 -0.00403926  0.53453962 -0.53198213
 -0.53392803 -0.04203438 -0.84448444  1.1972082 
  0.          0.          0.          1.        
51 52 64
-0.02207065 -0.99885421 -0.04246354  1.03856291
 -0.84513374 -0.00405043  0.53453957 -0.53198213
 -0.5340991   0.047685   -0.844076    1.19716186
  0.          0.          0.          1.        
52 53 64
-0.06987232 -0.99055683 -0.11796194  1.11434723
 -0.84513403 -0.00404197  0.53453918 -0.53198213
 -0.52996823  0.13704314 -0.83687087  1.19029413
  0.          0.          0.          1.        
53 54 64
-0.11709823 -0.97428426 -0.19250504  1.18921   
 -0.84513893 -0.00403961  0.53453145 -0.53198212
 -0.52156322  0.22528619 -0.82293253  1.17666147
  0.          0.          0.          1.        
54 55 64
-0.1633753  -0.95017246 -0.2654822   1.26254934
 -0.8451388  -0.00403489  0.53453169 -0.53198212
 -0.50896849  0.31169858 -0.80236841  1.15637343
  0.          0.          0.          1.        
55 56 64
 0.22096606 -0.95161983  0.21352681  0.78158379
 -0.70500354 -0.00457219  0.70918904 -0.70735084
 -0.67390207 -0.30724386 -0.67190565  1.02388784
  0.          0.          0.          1.        
56 57 64
 0.15966595 -0.97532955  0.15244361  0.84286991
 -0.70500384 -0.00456647  0.70918878 -0.70735084
 -0.69099665 -0.22070663 -0.68834019  1.04075302
  0.          0.          0.          1.        
57 58 64
 0.09708057 -0.9911876   0.09012497  0.9054213 
 -0.70499866 -0.00456583  0.70919394 -0.70735085
 -0.70253274 -0.13238694 -0.69922918  1.05205713
  0.          0.          0.          1.        
58 59 64
 0.03372029 -0.99906415  0.02708794  0.96873395
 -0.70500169 -0.00456662  0.70919092 -0.70735084
 -0.70840352 -0.04301116 -0.70449591  1.05770937
  0.          0.          0.          1.        
59 60 64
-0.02991081 -0.99889744 -0.03618347  1.03229794
 -0.70500167 -0.00457887  0.70919086 -0.70735084
 -0.70857462  0.04672188 -0.70408741  1.05766303
  0.          0.          0.          1.        
60 61 64
-0.09330176 -0.99068895 -0.09914728  1.09560229
 -0.70499863 -0.00457967  0.70919388 -0.70735084
 -0.7030446   0.13606773 -0.69800707  1.05191848
  0.          0.          0.          1.        
61 62 64
-0.15594823 -0.97450295 -0.16132005  1.15813713
 -0.70500382 -0.00457901  0.70918873 -0.70735083
 -0.69184519  0.22432798 -0.68631421  1.04052317
  0.          0.          0.          1.        
62 63 64
-0.21733937 -0.950472   -0.22218591  1.21939859
 -0.70500354 -0.00457329  0.70918904 -0.70735084
 -0.67508044  0.31077655 -0.66909217  1.02356865
  0.          0.          0.          1.        
