-1 0 64
-0.31290487 -0.89878397  0.30704708  0.67988676
 -0.71295807  0.0086796  -0.70115295  0.70726239
  0.62751999 -0.43830587 -0.64351117  1.22968692
  0.          0.          0.          1.        
0 1 64
-0.22584345 -0.94948627  0.21787741  0.76730857
 -0.71296284  0.0086928  -0.70114793  0.70726238
  0.66383637 -0.31368816 -0.67891164  1.26695737
  0.          0.          0.          1.        
1 2 64
-0.13468024 -0.98299869  0.12479906  0.85894296
 -0.71296675  0.00866775 -0.70114426  0.7072624 
  0.68814217 -0.18340786 -0.70201276  1.29215631
  0.          0.          0.          1.        
2 3 64
-0.04110402 -0.99872169  0.02941843  0.95313021
 -0.7129639   0.00869015 -0.70114689  0.70726239
  0.69999495 -0.04979423 -0.71240971  1.30482672
  0.          0.          0.          1.        
3 4 64
 0.05324795 -0.99636669 -0.06646863  1.04816485
 -0.71296379  0.00867194 -0.70114722  0.7072624 
  0.69917615  0.08472438 -0.70991161  1.3047394 
  0.          0.          0.          1.        
4 5 64
 0.14660435 -0.97597573 -0.16117861  1.14232866
 -0.71296691  0.0086942  -0.70114377  0.70726239
  0.68570062  0.21770574 -0.6945638   1.29189594
  0.          0.          0.          1.        
5 6 64
 0.23733195 -0.93792377 -0.25292795  1.2339166 
 -0.7129627   0.00866935 -0.70114837  0.7072624 
  0.65981644  0.34673311 -0.66664715  1.26652867
  0.          0.          0.          1.        
6 7 64
 0.32374977 -0.8828901  -0.34013404  1.32126977
 -0.71295809  0.00868279 -0.70115289  0.70726239
  0.62199426  0.4694994  -0.62665259  1.22909764
  0.          0.          0.          1.        
7 8 64
 0.24373493 -0.88221079 -0.40286152  1.3846787 
 -0.85112063  0.00457309 -0.52495025  0.53234451
  0.4649591   0.47083246 -0.74975318  1.35354462
  0.          0.          0.          1.        
8 9 64
 0.17912206 -0.93742896 -0.29856698  1.28004601
 -0.85111722  0.00456633 -0.52495583  0.53234451
  0.49347215  0.34814667 -0.797044    1.39836143
  0.          0.          0.          1.        
9 10 64
 0.1112498  -0.97567898 -0.18887564  1.17034525
 -0.85111629  0.00457642 -0.52495725  0.53234451
  0.51305413  0.21915652 -0.82990715  1.42872759
  0.          0.          0.          1.        
10 11 64
 0.04137939 -0.99626579 -0.07577745  1.0575604 
 -0.85111732  0.00457817 -0.52495557  0.53234451
  0.5233422   0.08621784 -0.84774962  1.444093  
  0.          0.          0.          1.        
11 12 64
-0.02923547 -0.99882205  0.03872725  0.94373466
 -0.85111719  0.00455808 -0.52495595  0.53234452
  0.52416105 -0.04830876 -0.85024788  1.44418032
  0.          0.          0.          1.        
12 13 64
-0.09932566 -0.98330025  0.152496    0.83092637
 -0.85111619  0.0045599  -0.52495755  0.53234452
  0.51549553 -0.18193357 -0.83735568  1.42898795
  0.          0.          0.          1.        
13 14 64
-0.16763358 -0.94997792  0.26351649  0.72117915
 -0.85111724  0.00456992 -0.52495576  0.53234451
  0.49749213 -0.31228364 -0.80930866  1.39879014
  0.          0.          0.          1.        
14 15 64
-0.23289005 -0.89946037  0.36977462  0.61647783
 -0.85112056  0.00456291 -0.52495044  0.53234452
  0.47048487 -0.43697852 -0.76661187  1.3541339 
  0.          0.          0.          1.        
15 16 64
-1.40951437e-01 -8.99703685e-01  4.13117381e-01  5.72329630e-01
 -9.46588272e-01  2.39485107e-04 -3.22444703e-01  3.30732950e-01
  2.90005752e-01 -4.36501112e-01 -8.51682712e-01  1.44077985e+00
  0.00000000e+00  0.00000000e+00  0.00000000e+00  1.00000000e+00
16 17 64
-1.00732148e-01 -9.50157662e-01  2.95048219e-01  6.89060629e-01
 -9.46588851e-01  2.27006481e-04 -3.22443011e-01  3.30732959e-01
  3.06304719e-01 -3.11769732e-01 -8.99431517e-01  1.49057865e+00
  0.00000000e+00  0.00000000e+00  0.00000000e+00  1.00000000e+00
17 18 64
-5.87202291e-02 -9.83407090e-01  1.71646236e-01  8.11420063e-01
 -9.46583636e-01  2.38815157e-04 -3.22458312e-01  3.30732942e-01
  3.17066799e-01 -1.81412344e-01 -9.30891082e-01  1.52425656e+00
  0.00000000e+00  0.00000000e+00  0.00000000e+00  1.00000000e+00
18 19 64
-1.56117068e-02 -9.98858791e-01  4.51374599e-02  9.37192848e-01
 -9.46585706e-01  2.23398152e-04 -3.22452246e-01  3.30732956e-01
  3.22074177e-01 -4.77605042e-02 -9.45508942e-01  1.54120547e+00
  0.00000000e+00  0.00000000e+00  0.00000000e+00  1.00000000e+00
19 20 64
 2.77556427e-02 -9.96230299e-01 -8.21876815e-02  1.06410222e+00
 -9.46585742e-01  2.29362344e-04 -3.22452136e-01  3.30732952e-01
  3.21255438e-01  8.67475537e-02 -9.43011031e-01  1.54111816e+00
  0.00000000e+00  0.00000000e+00  0.00000000e+00  1.00000000e+00
20 21 64
 7.06443476e-02 -9.75568879e-01 -2.08025811e-01  1.18985156e+00
 -9.46583486e-01  2.14207511e-04 -3.22458769e-01  3.30732958e-01
  3.14625301e-01  2.19693687e-01 -9.23442258e-01  1.52399619e+00
  0.00000000e+00  0.00000000e+00  0.00000000e+00  1.00000000e+00
21 22 64
 1.12220648e-01 -9.37252013e-01 -3.30098758e-01  1.31216454e+00
 -9.46588841e-01  2.25375606e-04 -3.22443041e-01  3.30732960e-01
  3.02284786e-01  3.48652568e-01 -8.87167005e-01  1.49014995e+00
  0.00000000e+00  0.00000000e+00  0.00000000e+00  1.00000000e+00
22 23 64
 1.51796292e-01 -8.81963543e-01 -4.46204207e-01  1.42882690e+00
 -9.46588110e-01  2.12976402e-04 -3.22445196e-01  3.30732967e-01
  2.84479938e-01  4.71317583e-01 -8.34823874e-01  1.44019057e+00
  0.00000000e+00  0.00000000e+00  0.00000000e+00  1.00000000e+00
23 24 64
 0.05248559 -0.88216661 -0.46800357  1.45150142
 -0.99459357 -0.00412704 -0.10376223  0.11253664
  0.08960411  0.47091936 -0.87761384  1.48469163
  0.          0.          0.          1.        
24 25 64
 0.03998272 -0.93739407 -0.34596782  1.32865973
 -0.99459233 -0.00412199 -0.10377431  0.11253663
  0.09585135  0.34824612 -0.93248976  1.53729112
  0.          0.          0.          1.        
25 26 64
 0.02675376 -0.9756574  -0.2176623   1.19986977
 -0.99459174 -0.00412037 -0.10378001  0.11253663
  0.10035689  0.21926163 -0.97049103  1.57292551
  0.          0.          0.          1.        
26 27 64
 0.01304729 -0.99626069 -0.08540727  1.067462  
 -0.99459299 -0.00412967 -0.10376763  0.11253664
  0.1030269   0.08629935 -0.99092779  1.59094958
  0.          0.          0.          1.        
27 28 64
-9.03343878e-04 -9.98829706e-01  4.83570201e-02  9.33833066e-01
 -9.94593028e-01 -4.12425536e-03 -1.03767525e-01  1.12536638e-01
  1.03845523e-01 -4.81892928e-02 -9.93425337e-01  1.59103688e+00
  0.00000000e+00  0.00000000e+00  0.00000000e+00  1.00000000e+00
28 29 64
-0.01482963 -0.98331921  0.18128271  0.80140185
 -0.99459166 -0.00413308 -0.10378025  0.11253664
  0.10279837 -0.1818413  -0.97793979  1.57318587
  0.          0.          0.          1.        
29 30 64
-0.02849425 -0.95000971  0.31091739  0.67256543
 -0.99459227 -0.00413168 -0.10377449  0.11253664
  0.09987138 -0.31219301 -0.94475459  1.53771983
  0.          0.          0.          1.        
30 31 64
-0.0416407  -0.89950741  0.43491662  0.54965511
 -0.99459357 -0.00412709 -0.10376224  0.11253664
  0.09512984 -0.436886   -0.89447243  1.48528091
  0.          0.          0.          1.        
31 32 64
 0.0600095  -0.89887315  0.43408054  0.54959193
 -0.99272636 -0.0082731   0.120108   -0.11130139
 -0.10437066 -0.43813082 -0.89283154  1.48540491
  0.          0.          0.          1.        
32 33 64
 0.04545645 -0.94954829  0.31030914  0.67251946
 -0.99272492 -0.00826851  0.12012023 -0.11130139
 -0.11149417 -0.31351186 -0.9430161   1.5378512 
  0.          0.          0.          1.        
33 34 64
 0.03007811 -0.983039    0.18091334  0.80137394
 -0.99272423 -0.0082671   0.12012598 -0.11130139
 -0.11659289 -0.18321022 -0.97613529  1.57332224
  0.          0.          0.          1.        
34 35 64
 0.01416193 -0.9987357   0.04823311  0.9338237 
 -0.9927257  -0.00827594  0.12011328 -0.11130139
 -0.11956225 -0.04958328 -0.9915878   1.59117574
  0.          0.          0.          1.        
35 36 64
-0.00201798 -0.99635469 -0.08528335  1.06747136
 -0.99272573 -0.00827052  0.12011338 -0.11130139
 -0.12038087  0.08490537 -0.98909025  1.59108844
  0.          0.          0.          1.        
36 37 64
-0.01815399 -0.97593761 -0.21729293  1.19989768
 -0.99272416 -0.0082798   0.12012574 -0.11130138
 -0.11903437  0.2178927  -0.96868653  1.57306187
  0.          0.          0.          1.        
37 38 64
-0.03396799 -0.9378555  -0.34535957  1.3287057 
 -0.99272486 -0.00827819  0.12012005 -0.11130139
 -0.11551421  0.34692727 -0.93075128  1.5374225 
  0.          0.          0.          1.        
38 39 64
-0.04916461 -0.88280087 -0.46716749  1.4515646 
 -0.99272636 -0.00827316  0.120108   -0.11130139
 -0.1098964   0.46967455 -0.87597295  1.48481563
  0.          0.          0.          1.        
39 40 64
-0.14809811 -0.88383478 -0.44373757  1.4290133 
 -0.94108001 -0.01199138  0.33797132 -0.32955966
 -0.30403184  0.46764547 -0.82998335  1.44055636
  0.          0.          0.          1.        
40 41 64
-0.10593128 -0.93861321 -0.32830445  1.31230013
 -0.94108063 -0.01200379  0.33796918 -0.32955965
 -0.32116323  0.34476246 -0.88203913  1.49053746
  0.          0.          0.          1.        
41 42 64
-0.06187783 -0.97639577 -0.20693581  1.18993393
 -0.94107515 -0.01199255  0.33798482 -0.32955966
 -0.33248864  0.21565592 -0.91811973  1.52439841
  0.          0.          0.          1.        
42 43 64
-0.01667063 -0.9965075  -0.08182227  1.06412983
 -0.94107733 -0.01200774  0.33797822 -0.32955965
 -0.33778033  0.0826354  -0.93759044  1.5415278 
  0.          0.          0.          1.        
43 44 64
 0.02881456 -0.99858159  0.04477205  0.93716523
 -0.94107736 -0.01200177  0.33797833 -0.32955965
 -0.33696159 -0.05187266 -0.94008835  1.54161511
  0.          0.          0.          1.        
44 45 64
 0.07380194 -0.9825802   0.17055624  0.81133769
 -0.941075   -0.01201716  0.33798436 -0.32955964
 -0.33004714 -0.18545011 -0.92556855  1.52465878
  0.          0.          0.          1.        
45 46 64
 0.11741978 -0.94879647  0.29325391  0.68892503
 -0.94108062 -0.01200542  0.33796915 -0.32955965
 -0.3171433  -0.31565983 -0.89430364  1.49096616
  0.          0.          0.          1.        
46 47 64
 0.15894297 -0.89783245  0.41065074  0.57214323
 -0.94107985 -0.01201789  0.33797083 -0.32955964
 -0.29850602 -0.44017323 -0.84684219  1.44114565
  0.          0.          0.          1.        
47 48 64
 0.25014603 -0.89644639  0.36580164  0.61617759
 -0.84224767 -0.01512895  0.53887844 -0.53129198
 -0.47754144 -0.44289388 -0.75881433  1.35472316
  0.          0.          0.          1.        
48 49 64
 0.18378606 -0.94778518  0.26062606  0.72096072
 -0.84224417 -0.01513592  0.53888371 -0.53129198
 -0.50680118 -0.31855009 -0.80104832  1.39941437
  0.          0.          0.          1.        
49 50 64
 0.1140824  -0.98196866  0.15074071  0.83079373
 -0.84224322 -0.01512588  0.53888548 -0.53129199
 -0.52688857 -0.18843769 -0.82878204  1.42963586
  0.          0.          0.          1.        
50 51 64
 0.04232952 -0.99837551  0.03813862  0.94369018
 -0.84224427 -0.01512407  0.53888389 -0.53129199
 -0.53743167 -0.05493274 -0.84151625  1.44484017
  0.          0.          0.          1.        
51 52 64
-0.03018559 -0.99671233 -0.07518882  1.05760488
 -0.84224415 -0.01514417  0.53888352 -0.53129197
 -0.53825052  0.07959386 -0.83901799  1.44475284
  0.          0.          0.          1.        
52 53 64
-0.10215826 -0.97701058 -0.18712035  1.1704779 
 -0.84224312 -0.01514241  0.53888518 -0.53129197
 -0.52932997  0.2126524  -0.82133351  1.4293755 
  0.          0.          0.          1.        
53 54 64
-0.17229757 -0.93962169 -0.29567654  1.28026444
 -0.8422442  -0.01513232  0.53888378 -0.53129198
 -0.51082116  0.34188022 -0.78878366  1.39898567
  0.          0.          0.          1.        
54 55 64
-0.23930115 -0.88522477 -0.39888854  1.38497894
 -0.84224761 -0.01513913  0.53887826 -0.53129198
 -0.48306721  0.4649171  -0.74195563  1.35413388
  0.          0.          0.          1.        
55 56 64
-0.3182587  -0.88689601 -0.3348535   1.32166881
 -0.701165   -0.01750643  0.71278409 -0.70638342
 -0.63802746  0.46163729 -0.61628887  1.22988083
  0.          0.          0.          1.        
56 57 64
-0.2297382  -0.94083813 -0.24908629  1.23420691
 -0.70116985 -0.01749305  0.71277965 -0.70638342
 -0.67496755  0.33840451 -0.65566851  1.26735833
  0.          0.          0.          1.        
57 58 64
-0.137046   -0.97774561 -0.15884557  1.14250497
 -0.70117384 -0.01751795  0.71277512 -0.70638341
 -0.69969539  0.20906134 -0.68316887  1.29275705
  0.          0.          0.          1.        
58 59 64
-0.04189725 -0.99696036 -0.06568606  1.04822399
 -0.70117093 -0.01749566  0.71277852 -0.70638342
 -0.71176116  0.07592062 -0.69830661  1.30561638
  0.          0.          0.          1.        
59 60 64
 0.05404118 -0.99812802  0.02863585  0.95307107
 -0.70117082 -0.01751387  0.71277819 -0.70638341
 -0.71094235 -0.058598   -0.70080471  1.3057037 
  0.          0.          0.          1.        
60 61 64
 0.14897011 -0.98122881  0.12246603  0.85876665
 -0.701174   -0.01749151  0.71277561 -0.70638342
 -0.69725385 -0.19205226 -0.69061784  1.29301742
  0.          0.          0.          1.        
61 62 64
 0.24122671 -0.94657191  0.21403574  0.76701825
 -0.70116971 -0.01751651  0.71277921 -0.70638341
 -0.67094762 -0.32201676 -0.667933    1.26778702
  0.          0.          0.          1.        
62 63 64
 0.32910359 -0.89477806  0.30176654  0.67948772
 -0.70116502 -0.01750324  0.71278415 -0.70638342
 -0.63250173 -0.44616797 -0.63314746  1.2304701 
  0.          0.          0.          1.        
