0 0 1
1.00000000 -0.00000000 0.00000000 -0.00000000
-0.00000000 1.00000000 -0.00000000 0.00000000
0.00000000 -0.00000000 1.00000000 -0.00000000
-0.00000000 0.00000000 -0.00000000 1.00000000
1 1 2
0.98799480 -0.00183069 -0.15447628 0.14993228
0.00258864 0.99998558 0.00470559 0.00480375
0.15446544 -0.00504898 0.98798529 0.01940135
-0.00000000 -0.00000000 -0.00000000 1.00000000
2 2 3
0.94978965 -0.00007091 -0.31288915 0.29672702
0.00248448 0.99997016 0.00731513 0.00471338
0.31287930 -0.00772520 0.94976148 0.06346913
-0.00000000 -0.00000000 -0.00000000 1.00000000
3 3 4
0.89478995 -0.03466355 -0.44513973 0.42333212
0.04984072 0.99850524 0.02243170 -0.00349569
0.44369680 -0.04225775 0.89518011 0.12413421
-0.00000000 -0.00000000 -0.00000000 1.00000000
4 4 5
0.81837466 -0.07264292 -0.57007537 0.53982609
0.10359883 0.99437557 0.02201167 0.00247001
0.56527002 -0.07707293 0.82129749 0.19855360
-0.00000000 -0.00000000 -0.00000000 1.00000000
5 5 6
0.71183352 -0.07080494 -0.69877014 0.65862822
0.10108500 0.99487543 0.00216608 0.02080668
0.69503587 -0.07217707 0.71534300 0.30264628
-0.00000000 -0.00000000 -0.00000000 1.00000000
6 6 7
0.58978259 -0.07608619 -0.80396977 0.75572825
0.10572827 0.99425760 -0.01653369 0.03705619
0.80061104 -0.07525105 0.59444028 0.42151957
-0.00000000 0.00000000 -0.00000000 1.00000000
7 7 8
0.45367435 -0.07863870 -0.88769113 0.83120120
0.10418254 0.99394893 -0.03480704 0.05430611
0.88505682 -0.07669086 0.45912191 0.55107971
-0.00000000 0.00000000 -0.00000000 1.00000000
8 8 9
0.33288839 -0.14070726 -0.93240913 0.87739474
0.16423400 0.98234293 -0.08960786 0.10834646
0.92855399 -0.12330387 0.35011947 0.65969181
-0.00000000 0.00000000 -0.00000000 1.00000000
9 9 10
0.20898231 -0.19770393 -0.95772624 0.91295397
0.20355491 0.96669414 -0.15513813 0.17422016
0.95649976 -0.16252875 0.24226558 0.77406119
-0.00000000 0.00000000 -0.00000000 1.00000000
10 10 11
0.18590681 -0.10945605 -0.97645176 0.92195619
0.22536380 0.97203296 -0.06605367 0.08819366
0.95637326 -0.20777705 0.20537498 0.80536949
-0.00000000 0.00000000 -0.00000000 1.00000000
11 11 12
0.32827555 -0.08820351 -0.94045484 0.88698176
0.21295060 0.97690997 -0.01728995 0.04379875
0.92026475 -0.19459456 0.33947865 0.67207509
-0.00000000 0.00000000 -0.00000000 1.00000000
12 12 13
0.47071340 -0.07588573 -0.87901664 0.83228387
0.20098093 0.97932322 0.02308006 0.00697208
0.85908996 -0.18752968 0.47623215 0.54097358
-0.00000000 -0.00000000 -0.00000000 1.00000000
13 13 14
0.59956630 -0.04514171 -0.79905099 0.75446590
0.15922104 0.98517835 0.06381436 -0.03134341
0.78432705 -0.16548667 0.59786725 0.41898805
-0.00000000 -0.00000000 -0.00000000 1.00000000
14 14 15
0.71584396 -0.02116401 -0.69793948 0.66200322
0.11640470 0.98917054 0.08939569 -0.05742797
0.68848920 -0.14523680 0.71055534 0.30959473
-0.00000000 -0.00000000 -0.00000000 1.00000000
15 15 16
0.80970956 0.01896232 -0.58652439 0.55695053
0.05048966 0.99352049 0.10182255 -0.07203762
0.58465479 -0.11206011 0.80350564 0.21617392
-0.00000000 -0.00000000 -0.00000000 1.00000000
16 16 17
0.88612541 0.05513278 -0.46015447 0.43746194
-0.01161161 0.99522821 0.09688128 -0.06786368
0.46330005 -0.08050583 0.88253718 0.13192314
-0.00000000 -0.00000000 -0.00000000 1.00000000
17 17 18
0.94385569 0.07731130 -0.32118438 0.30791267
-0.05420263 0.99529665 0.08029101 -0.05558238
0.32588114 -0.05837408 0.94360688 0.06735289
-0.00000000 -0.00000000 -0.00000000 1.00000000
18 18 19
0.98533117 0.06109651 -0.15934147 0.15751894
-0.04921629 0.99577912 0.07747064 -0.05289598
0.16340210 -0.06849204 0.98417915 0.02112507
-0.00000000 -0.00000000 -0.00000000 1.00000000
19 19 20
0.99889355 0.04702364 -0.00066921 0.00754624
-0.04683484 0.99597120 0.07647141 -0.05724775
0.00426248 -0.07635545 0.99707155 0.00480661
-0.00000000 -0.00000000 -0.00000000 1.00000000
20 20 21
0.99375030 0.11154239 0.00431768 0.00435538
-0.11109338 0.98449541 0.13574627 -0.11300736
0.01089073 -0.13537756 0.99073423 0.01051073
-0.00000000 0.00000000 -0.00000000 1.00000000
21 21 22
0.98152361 0.11701812 -0.15138744 0.15212337
-0.09405194 0.98406941 0.15086956 -0.12485430
0.16663022 -0.13384376 0.97689315 0.03137157
-0.00000000 -0.00000000 -0.00000000 1.00000000
22 22 23
0.94695263 0.10981241 -0.30202972 0.29370248
-0.05891116 0.98319904 0.17276900 -0.14424451
0.31592751 -0.14581113 0.93751209 0.07734625
-0.00000000 -0.00000000 -0.00000000 1.00000000
23 23 24
0.88984962 0.09392079 -0.44648242 0.42916659
-0.00891091 0.98197404 0.18880565 -0.15737575
0.45616692 -0.16403007 0.87464614 0.14530647
-0.00000000 -0.00000000 -0.00000000 1.00000000
24 24 25
0.80763227 0.08032976 -0.58418939 0.55450297
0.04005200 0.98091762 0.19025365 -0.15625433
0.58832470 -0.17705294 0.78900336 0.23067160
-0.00000000 -0.00000000 -0.00000000 1.00000000
25 25 26
0.71074569 0.04957031 -0.70170033 0.66676668
0.10737115 0.97818113 0.17785701 -0.14203913
0.69520645 -0.20175348 0.68991560 0.33181253
-0.00000000 -0.00000000 -0.00000000 1.00000000
26 26 27
0.59397180 0.02662634 -0.80404511 0.76522776
0.16337959 0.97463207 0.15296872 -0.11365462
0.78772115 -0.22222367 0.57455377 0.44540679
-0.00000000 -0.00000000 -0.00000000 1.00000000
27 27 28
0.46325443 0.00077114 -0.88622500 0.84496112
0.21338436 0.97048257 0.11238639 -0.07349867
0.86015258 -0.24117004 0.44941579 0.57011180
-0.00000000 -0.00000000 -0.00000000 1.00000000
28 28 29
0.32307444 -0.02686528 -0.94599216 0.89481530
0.25296756 0.96567597 0.05896899 -0.02469385
0.91193767 -0.25835670 0.31878127 0.69311483
-0.00000000 -0.00000000 -0.00000000 1.00000000
29 29 30
0.17095242 -0.03345645 -0.98471109 0.92718240
0.26105571 0.96524246 0.01252603 0.01549498
0.95006589 -0.25920581 0.17374453 0.83220871
-0.00000000 -0.00000000 -0.00000000 1.00000000
30 30 31
0.17034328 0.01439964 -0.98527956 0.92831082
0.32320539 0.94376066 0.06967127 -0.03545082
0.93087134 -0.33031570 0.15610925 0.84743886
-0.00000000 -0.00000000 -0.00000000 1.00000000
31 31 32
0.32453286 0.01439492 -0.94576488 0.89492460
0.31120229 0.94259206 0.12113360 -0.08178743
0.89321417 -0.33363603 0.30142237 0.70829787
-0.00000000 -0.00000000 -0.00000000 1.00000000
32 32 33
0.46995538 0.02741356 -0.88226438 0.83977890
0.27687025 0.94449715 0.17682760 -0.13299457
0.83814367 -0.32737384 0.43628151 0.57900810
-0.00000000 -0.00000000 -0.00000000 1.00000000
33 33 34
0.59972058 0.06952895 -0.79718313 0.75654718
0.19810163 0.95230761 0.23209042 -0.18463610
0.77530057 -0.29711268 0.55734468 0.45658056
-0.00000000 -0.00000000 -0.00000000 1.00000000
34 34 35
0.71475390 0.10203937 -0.69189221 0.65796972
0.11969669 0.95685469 0.26476744 -0.21889004
0.68905701 -0.27206077 0.67170185 0.34577314
-0.00000000 -0.00000000 -0.00000000 1.00000000
35 35 36
0.81261998 0.12340098 -0.56957963 0.54572581
0.04932014 0.95925869 0.27819111 -0.23326391
0.58070327 -0.25415540 0.77342662 0.24497930
-0.00000000 -0.00000000 -0.00000000 1.00000000
36 36 37
0.88892724 0.14598819 -0.43416103 0.41755774
-0.02358099 0.96117832 0.27491850 -0.23363454
0.45744103 -0.23414460 0.85786014 0.15647107
-0.00000000 -0.00000000 -0.00000000 1.00000000
37 37 38
0.94586897 0.15199438 -0.28675703 0.28034004
-0.07601563 0.96273212 0.25955440 -0.22233955
0.31552101 -0.22370644 0.92217239 0.08888597
-0.00000000 -0.00000000 -0.00000000 1.00000000
38 38 39
0.97662056 0.16456048 -0.13831895 0.13917084
-0.12988756 0.96441442 0.23029124 -0.19959180
0.17129362 -0.20694125 0.96324131 0.04329377
-0.00000000 -0.00000000 -0.00000000 1.00000000
39 39 40
0.98593713 0.16631275 0.01637225 -0.00541173
-0.16618830 0.96543130 0.20080801 -0.17815312
0.01759065 -0.20070494 0.97949380 0.02261888
-0.00000000 0.00000000 -0.00000000 1.00000000
40 40 41
0.97345888 0.22698598 0.02924342 -0.01620216
-0.22671265 0.93894125 0.25882563 -0.23251909
0.03129194 -0.25858596 0.96548129 0.03565098
-0.00000000 0.00000000 -0.00000000 1.00000000
41 41 42
0.96671343 0.22484203 -0.12211143 0.12691692
-0.18078415 0.93796753 0.29586146 -0.26639854
0.18105865 -0.26393743 0.94739369 0.06141443
-0.00000000 -0.00000000 -0.00000000 1.00000000
42 42 43
0.93881771 0.21086382 -0.27231922 0.26958916
-0.11407565 0.93642003 0.33181965 -0.29368700
0.32497393 -0.28045317 0.90318213 0.10985072
-0.00000000 -0.00000000 -0.00000000 1.00000000
43 43 44
0.88938806 0.18742893 -0.41696435 0.40758748
-0.02938362 0.93364068 0.35700376 -0.31234447
0.45620771 -0.30526297 0.83587622 0.18109259
-0.00000000 -0.00000000 -0.00000000 1.00000000
44 44 45
0.81320696 0.16837019 -0.55708699 0.53644041
0.05389120 0.93133706 0.36014860 -0.31182897
0.57947405 -0.32289744 0.74829611 0.27026582
-0.00000000 -0.00000000 -0.00000000 1.00000000
45 45 46
0.71361890 0.15745025 -0.68261078 0.65373265
0.12548162 0.92992556 0.34567733 -0.29469444
0.68920420 -0.33233698 0.64385535 0.37554553
-0.00000000 -0.00000000 -0.00000000 1.00000000
46 46 47
0.59233865 0.15626976 -0.79038894 0.75482689
0.18176975 0.92979786 0.32005576 -0.26862927
0.78491699 -0.33325020 0.52235010 0.49350488
-0.00000000 -0.00000000 -0.00000000 1.00000000
47 47 48
0.45721595 0.14605621 -0.87728055 0.83570867
0.24073050 0.92927433 0.28017503 -0.23089168
0.85615560 -0.33928867 0.38971886 0.62280705
-0.00000000 -0.00000000 -0.00000000 1.00000000
48 48 49
0.32213603 0.08825187 -0.94257095 0.89448993
0.33648479 0.91995847 0.20113280 -0.16027817
0.88487647 -0.38195291 0.26665635 0.74414072
-0.00000000 -0.00000000 -0.00000000 1.00000000
49 49 50
0.16973786 0.06839668 -0.98311289 0.92807233
0.37905555 0.91631091 0.12919443 -0.09251790
0.90967354 -0.39458359 0.12960652 0.87251187
-0.00000000 -0.00000000 -0.00000000 1.00000000
50 50 51
0.17643035 0.11492410 -0.97758109 0.92319243
0.43782518 0.88034047 0.18250965 -0.14199474
0.88157895 -0.46020985 0.10500211 0.89523053
-0.00000000 -0.00000000 -0.00000000 1.00000000
51 51 52
0.32925913 0.12157162 -0.93638068 0.88850912
0.39885575 0.88095415 0.25462498 -0.20754226
0.85586361 -0.45731841 0.24157266 0.76425772
-0.00000000 -0.00000000 -0.00000000 1.00000000
52 52 53
0.47529480 0.13519060 -0.86937814 0.83005864
0.33998913 0.88314520 0.32320573 -0.27119372
0.81148151 -0.44919712 0.37379099 0.63769770
-0.00000000 -0.00000000 -0.00000000 1.00000000
53 53 54
0.60880493 0.15404738 -0.77821974 0.74416573
0.26283004 0.88639871 0.38107440 -0.32490532
0.74851648 -0.43653950 0.49915563 0.51256936
-0.00000000 -0.00000000 -0.00000000 1.00000000
54 54 55
0.72205062 0.18769713 -0.66589240 0.63714540
0.15732471 0.89273224 0.42222990 -0.36476538
0.67371496 -0.40963269 0.61506847 0.39738472
-0.00000000 -0.00000000 -0.00000000 1.00000000
55 55 56
0.81617926 0.20964636 -0.53842346 0.51718555
0.05946230 0.89642898 0.43918029 -0.38358118
0.57473094 -0.39046574 0.71918068 0.29320971
-0.00000000 -0.00000000 -0.00000000 1.00000000
56 56 57
0.89244719 0.21544790 -0.39638393 0.38829357
-0.02137925 0.89781342 0.43985679 -0.38834634
0.45064503 -0.38407456 0.80585717 0.20592420
-0.00000000 -0.00000000 -0.00000000 1.00000000
57 57 58
0.94295931 0.22270772 -0.24744496 0.24800177
-0.10117226 0.89983628 0.42433341 -0.37997984
0.31716228 -0.37509457 0.87104084 0.13892567
-0.00000000 -0.00000000 -0.00000000 1.00000000
58 58 59
0.96050242 0.25966263 -0.10005205 0.10642685
-0.20520686 0.90378575 0.37558151 -0.34175742
0.18795010 -0.34021558 0.92137295 0.08469386
-0.00000000 -0.00000000 -0.00000000 1.00000000
59 59 60
0.96026455 0.27463391 0.04968103 -0.03386746
-0.27564110 0.90534225 0.32307491 -0.29628189
0.04374899 -0.32393152 0.94506846 0.05558016
-0.00000000 0.00000000 -0.00000000 1.00000000
60 60 61
0.94062130 0.33230511 0.06931735 -0.05191100
-0.33322469 0.86494219 0.37528165 -0.34913685
0.06475251 -0.37609616 0.92431531 0.07624954
-0.00000000 0.00000000 -0.00000000 1.00000000
61 61 62
0.94436386 0.31952915 -0.07796171 0.08788901
-0.25635299 0.86358203 0.43417648 -0.40127004
0.20605837 -0.39003486 0.89744791 0.11000197
-0.00000000 -0.00000000 -0.00000000 1.00000000
62 62 63
0.92724282 0.29741549 -0.22751873 0.22996376
-0.15770919 0.86124676 0.48309608 -0.44086071
0.33963003 -0.41206558 0.84549004 0.16564281
-0.00000000 -0.00000000 -0.00000000 1.00000000
63 63 64
0.88243855 0.28252430 -0.37614124 0.37227937
-0.05828944 0.85907782 0.50851513 -0.45767366
0.46680248 -0.42680829 0.77455157 0.23979995
-0.00000000 -0.00000000 -0.00000000 1.00000000
64 64 65
0.81292583 0.26635749 -0.51788540 0.50534049
0.04697231 0.85638982 0.51418875 -0.45692174
0.58046981 -0.44232359 0.68366998 0.33128425
-0.00000000 -0.00000000 -0.00000000 1.00000000
65 65 66
0.71405441 0.27222481 -0.64499609 0.62161099
0.12399523 0.85756256 0.49921101 -0.44129374
0.68902212 -0.43644026 0.57859175 0.43717223
-0.00000000 -0.00000000 -0.00000000 1.00000000
66 66 67
0.59846607 0.26915576 -0.75458170 0.72323104
0.20857511 0.85704976 0.47112857 -0.41169397
0.77352103 -0.43934142 0.45677601 0.55392750
-0.00000000 -0.00000000 -0.00000000 1.00000000
67 67 68
0.46729122 0.26364578 -0.84387784 0.80488275
0.28867207 0.85668778 0.42749794 -0.37021277
0.83564786 -0.44337000 0.32421551 0.68221580
-0.00000000 -0.00000000 -0.00000000 1.00000000
68 68 69
0.33324720 0.20340705 -0.92063667 0.87665505
0.41166621 0.84706775 0.33616537 -0.28369433
0.84822004 -0.49102118 0.19854715 0.80555873
-0.00000000 -0.00000000 -0.00000000 1.00000000
69 69 70
0.18227223 0.17122501 -0.96822458 0.91612443
0.48572116 0.84049882 0.24007643 -0.19656904
0.85489870 -0.51404643 0.07003198 0.92711660
-0.00000000 -0.00000000 -0.00000000 1.00000000
70 70 71
0.19297304 0.21624784 -0.95707799 0.90674425
0.53979832 0.79114327 0.28759364 -0.24162442
0.81937731 -0.57212691 0.03593910 0.95734787
-0.00000000 -0.00000000 -0.00000000 1.00000000
71 71 72
0.34463565 0.22605286 -0.91111271 0.86680486
0.47773545 0.79325210 0.37751814 -0.32296460
0.80808113 -0.56537705 0.16538948 0.83383105
-0.00000000 -0.00000000 -0.00000000 1.00000000
72 72 73
0.48736408 0.24462581 -0.83823294 0.80266584
0.39088929 0.79728064 0.45994473 -0.40069948
0.78082125 -0.55181682 0.29294433 0.71289338
-0.00000000 -0.00000000 -0.00000000 1.00000000
73 73 74
0.61664090 0.26407693 -0.74163156 0.71135277
0.28743767 0.80149668 0.52438789 -0.46261483
0.73289398 -0.53653187 0.41832998 0.58886781
-0.00000000 -0.00000000 -0.00000000 1.00000000
74 74 75
0.72766845 0.28074180 -0.62584556 0.60349298
0.17694315 0.80469819 0.56670270 -0.50462754
0.66271392 -0.52311076 0.53587815 0.47364546
-0.00000000 -0.00000000 -0.00000000 1.00000000
75 75 76
0.81559976 0.30041203 -0.49451962 0.47984089
0.05787884 0.80801440 0.58631285 -0.52481553
0.57571441 -0.50681884 0.64162885 0.36607089
-0.00000000 -0.00000000 -0.00000000 1.00000000
76 76 77
0.88541985 0.30316240 -0.35231272 0.35196606
-0.04417264 0.80945559 0.58551723 -0.52478400
0.46268831 -0.50286599 0.73009953 0.27801220
-0.00000000 -0.00000000 -0.00000000 1.00000000
77 77 78
0.92704934 0.31630770 -0.20131805 0.20930044
-0.15475394 0.81186474 0.56296257 -0.50837140
0.34151242 -0.49073932 0.80158854 0.20308518
-0.00000000 -0.00000000 -0.00000000 1.00000000
78 78 79
0.94043276 0.33612762 -0.05103382 0.06357243
-0.26316708 0.81474399 0.51665784 -0.47275386
0.21524247 -0.47245153 0.85466966 0.14539142
-0.00000000 -0.00000000 -0.00000000 1.00000000
79 79 80
0.92636038 0.36401015 0.09671115 -0.07528853
-0.36747497 0.81722302 0.44396925 -0.41463035
0.08257474 -0.44681445 0.89080765 0.10776528
-0.00000000 0.00000000 -0.00000000 1.00000000
80 80 81
0.89771098 0.42301814 0.12316923 -0.09970415
-0.42643467 0.76395491 0.48427923 -0.45849158
0.11076316 -0.48726640 0.86620031 0.13212078
-0.00000000 0.00000000 -0.00000000 1.00000000
81 81 82
0.91291547 0.40758090 -0.02152087 0.03837074
-0.32744465 0.76286083 0.55751534 -0.51953719
0.24365004 -0.50191748 0.82988764 0.17421230
-0.00000000 -0.00000000 -0.00000000 1.00000000
82 82 83
0.90673985 0.38546130 -0.17100420 0.18046920
-0.20724147 0.76050518 0.61537212 -0.56255228
0.36725172 -0.52254326 0.76946392 0.23532526
-0.00000000 -0.00000000 -0.00000000 1.00000000
83 83 84
0.86914771 0.37727638 -0.31975738 0.32147982
-0.09265553 0.75933249 0.64407230 -0.58262217
0.48579544 -0.53016668 0.69492884 0.31189958
-0.00000000 -0.00000000 -0.00000000 1.00000000
84 84 85
0.80574473 0.37063931 -0.46195447 0.45336675
0.02481549 0.75816982 0.65158477 -0.58521204
0.59174287 -0.53647462 0.60169374 0.40464518
-0.00000000 -0.00000000 -0.00000000 1.00000000
85 85 86
0.72138685 0.35890855 -0.59227161 0.57616252
0.14667164 0.75664479 0.63716253 -0.56629339
0.67682231 -0.54651012 0.49319190 0.51230086
-0.00000000 -0.00000000 -0.00000000 1.00000000
86 86 87
0.61513713 0.35049639 -0.70622843 0.68477314
0.26013640 0.75536103 0.60146385 -0.52776859
0.74426835 -0.55369847 0.37347375 0.63004868
-0.00000000 -0.00000000 -0.00000000 1.00000000
87 87 88
0.49043126 0.34643997 -0.79966026 0.77086080
0.36124911 0.75422506 0.54830981 -0.47355595
0.79308024 -0.55778482 0.24474442 0.75255444
-0.00000000 -0.00000000 -0.00000000 1.00000000
88 88 89
0.35494206 0.32385399 -0.87700327 0.84365299
0.46843307 0.75022273 0.46662223 -0.39683609
0.80906526 -0.57644119 0.11458168 0.87996825
-0.00000000 -0.00000000 -0.00000000 1.00000000
89 89 90
0.20669047 0.27930915 -0.93769155 0.89084397
0.57476765 0.74091991 0.34739004 -0.29674949
0.79178356 -0.61075698 -0.00739678 0.99596451
-0.00000000 0.00000000 0.00000000 1.00000000
90 90 91
0.22127148 0.31489443 -0.92297369 0.87784523
0.62734244 0.67865073 0.38193540 -0.33369984
0.74664610 -0.66353198 -0.04738059 1.03228797
-0.00000000 0.00000000 0.00000000 1.00000000
91 91 92
0.36979307 0.32687290 -0.86971673 0.83157560
0.54522406 0.68160804 0.48799714 -0.42647545
0.75231896 -0.65464845 0.07383497 0.91638947
-0.00000000 -0.00000000 -0.00000000 1.00000000
92 92 93
0.50618216 0.35248100 -0.78710658 0.75945819
0.43114115 0.68701202 0.58492033 -0.51338933
0.74692498 -0.63543027 0.19578416 0.79922708
-0.00000000 -0.00000000 -0.00000000 1.00000000
93 93 94
0.62806440 0.36902976 -0.68509280 0.66309292
0.30709195 0.69140088 0.65395670 -0.58212672
0.71500325 -0.62111340 0.32091821 0.67778988
-0.00000000 -0.00000000 -0.00000000 1.00000000
94 94 95
0.73029418 0.38312438 -0.56558476 0.55330291
0.17552663 0.69489399 0.69736127 -0.62450357
0.66019755 -0.60855407 0.44022851 0.56159626
-0.00000000 -0.00000000 -0.00000000 1.00000000
95 95 96
0.80911257 0.39754545 -0.43277530 0.42960651
0.04009586 0.69738324 0.71557595 -0.64440957
0.58628421 -0.59633400 0.54832162 0.45403355
-0.00000000 -0.00000000 -0.00000000 1.00000000
96 96 97
0.86652131 0.40678151 -0.28925703 0.29775828
-0.09098736 0.69853016 0.70977244 -0.63961021
0.49077706 -0.58871421 0.64230324 0.35942878
-0.00000000 -0.00000000 -0.00000000 1.00000000
97 97 98
0.90125047 0.40995450 -0.14030286 0.16018726
-0.21139118 0.69865314 0.68351852 -0.61792635
0.37823453 -0.58636260 0.71632223 0.28346368
-0.00000000 -0.00000000 -0.00000000 1.00000000
98 98 99
0.90410266 0.42720989 0.00949119 0.01207602
-0.33790289 0.70115368 0.62785758 -0.57578183
0.26157219 -0.57085482 0.77827037 0.21526734
-0.00000000 0.00000000 -0.00000000 1.00000000
99 99 100
0.88104044 0.44728429 0.15396267 -0.12465030
-0.45292562 0.70374068 0.54736409 -0.51608939
0.13647756 -0.55198354 0.82261051 0.17310734
-0.00000000 0.00000000 -0.00000000 1.00000000
