-1 0 31
-0.0076244  -0.99979308 -0.01885909  1.30162135
 -0.99996632  0.00768028 -0.00289225 -0.0315074 
  0.0030365   0.0188364  -0.99981797  0.50170795
  0.          0.          0.          1.        
0 1 31
-0.32877869 -0.89440403  0.303226    1.13027181
 -0.70492827  0.01874861 -0.70903076  0.33248186
  0.6284749  -0.44686678 -0.63665483  0.3366812 
  0.          0.          0.          1.        
1 2 31
-0.18180166 -0.89738615  0.40205254  1.08553814
 -0.92268357  0.01430548 -0.38529259  0.16288666
  0.34000468 -0.44101411 -0.83060422  0.42447636
  0.          0.          0.          1.        
2 3 31
-8.17193135e-03 -8.99374848e-01  4.37101935e-01  1.07367425e+00
 -9.99966324e-01  7.68027586e-03 -2.89225262e-03 -3.15074027e-02
 -7.55844179e-04 -4.37110851e-01 -8.99407323e-01  4.47760868e-01
  0.00000000e+00  0.00000000e+00  0.00000000e+00  1.00000000e+00
3 4 31
 1.65667690e-01 -9.00054905e-01  4.03057544e-01  1.09648637e+00
 -9.25007668e-01 -1.14223551e-04  3.79948418e-01 -2.21104569e-01
 -3.41928399e-01 -4.35776496e-01 -8.32576612e-01  4.02989698e-01
  0.00000000e+00  0.00000000e+00  0.00000000e+00  1.00000000e+00
4 5 31
 0.31324237 -0.8993351   0.30508295  1.1505009 
 -0.70922255 -0.00788717  0.70494054 -0.37703958
 -0.63157153 -0.43718895 -0.64029933  0.29697907
  0.          0.          0.          1.        
5 6 31
 0.18934426 -0.9653258   0.17970769  1.20879754
 -0.70922877 -0.00787949  0.70493437 -0.37703978
 -0.67907533 -0.26092914 -0.68612877  0.31973252
  0.          0.          0.          1.        
6 7 31
 9.86641444e-02 -9.65771662e-01  2.39896818e-01  1.17560387e+00
 -9.25008168e-01 -1.21162605e-04  3.79947199e-01 -2.21104570e-01
 -3.66913171e-01 -2.59393682e-01 -8.93358630e-01  4.33986885e-01
  0.00000000e+00  0.00000000e+00  0.00000000e+00  1.00000000e+00
7 8 31
-8.16881299e-03 -9.65351535e-01  2.60825008e-01  1.16158448e+00
 -9.99966324e-01  7.68027586e-03 -2.89225262e-03 -3.15074027e-02
  7.88832495e-04 -2.60839850e-01 -9.65381764e-01  4.82239468e-01
  0.00000000e+00  0.00000000e+00  0.00000000e+00  1.00000000e+00
8 9 31
-0.11487278 -0.96413158  0.23927919  1.16887565
 -0.92268397  0.01431243 -0.38529137  0.16288663
  0.36804691 -0.26503857 -0.89123287  0.45714435
  0.          0.          0.          1.        
9 10 31
-0.20518568 -0.9622956   0.17856657  1.1963665 
 -0.70493465  0.01874102 -0.70902462  0.33248166
  0.67894475 -0.27135946 -0.6822009   0.36252165
  0.          0.          0.          1.        
10 11 31
-0.07433137 -0.99609834  0.04757033  1.26613196
 -0.70494004  0.01874401 -0.70901918  0.33248148
  0.70536117 -0.0862366  -0.70358288  0.37551904
  0.          0.          0.          1.        
11 12 31
-0.04387249 -0.9967168   0.06805021  1.25685878
 -0.9226826   0.01430796 -0.38529482  0.16288669
  0.38305616 -0.07969259 -0.92028097  0.47361764
  0.          0.          0.          1.        
12 13 31
-0.00787633 -0.99712846  0.07531803  1.25439942
 -0.99996632  0.00768028 -0.00289225 -0.0315074 
  0.00230548 -0.07533828 -0.99715537  0.49963395
  0.          0.          0.          1.        
13 14 31
 2.81633515e-02 -9.97270071e-01  6.82585661e-02  1.25912852e+00
 -9.25006750e-01 -1.16722103e-04  3.79950653e-01 -2.21104539e-01
 -3.78905447e-01 -7.38403182e-02 -9.22484834e-01  4.49609396e-01
  0.00000000e+00  0.00000000e+00  0.00000000e+00  1.00000000e+00
14 15 31
 0.05874609 -0.99712045  0.04795524  1.27032502
 -0.70923418 -0.0078824   0.70492889 -0.37703993
 -0.70252101 -0.07542331 -0.70765497  0.33115883
  0.          0.          0.          1.        
15 16 31
-0.07392721 -0.99359121 -0.08550601  1.33290328
 -0.70923427 -0.00789452  0.70492866 -0.37703991
 -0.70108595  0.11275721 -0.70410532  0.33085366
  0.          0.          0.          1.        
16 17 31
-4.33444690e-02 -9.93441313e-01 -1.05809332e-01  1.34409978e+00
 -9.25006692e-01 -1.09131689e-04  3.79950796e-01 -2.21104552e-01
 -3.77470365e-01  1.14343105e-01 -9.18935133e-01  4.49304222e-01
  0.00000000e+00  0.00000000e+00  0.00000000e+00  1.00000000e+00
17 18 31
-0.00730479 -0.99358305 -0.1128688   1.34882889
 -0.99996632  0.00768028 -0.00289225 -0.0315074 
  0.00374056  0.11284387 -0.99360569  0.49932878
  0.          0.          0.          1.        
18 19 31
 0.02869137 -0.99399459 -0.10560098  1.34636952
 -0.92268266  0.01430037 -0.38529496  0.1628867 
  0.38449124  0.10849083 -0.91673127  0.47331246
  0.          0.          0.          1.        
19 20 31
 0.05915025 -0.99461331 -0.08512111  1.33709635
 -0.70493995  0.01875613 -0.70901895  0.33248146
  0.70679623  0.10194392 -0.70003323  0.37521387
  0.          0.          0.          1.        
20 21 31
 0.19054236 -0.95789358 -0.21478708  1.40674744
 -0.70493451  0.01875925 -0.70902428  0.33248163
  0.68319905  0.28650999 -0.67167781  0.36161696
  0.          0.          0.          1.        
21 22 31
 0.10022943 -0.95606168 -0.27549978  1.4342383 
 -0.9226841   0.01429581 -0.38529168  0.16288666
  0.37230111  0.29281683 -0.88071005  0.45623968
  0.          0.          0.          1.        
22 23 31
-0.00647453 -0.95484135 -0.29704558  1.44152947
 -0.99996632  0.00768028 -0.00289225 -0.0315074 
  0.00504303  0.29701685 -0.95485892  0.4813348 
  0.          0.          0.          1.        
23 24 31
-1.13307492e-01 -9.54421601e-01 -2.76117401e-01  1.42751008e+00
 -9.25008041e-01 -1.04542993e-04  3.79947513e-01 -2.21104597e-01
 -3.62658979e-01  2.98461716e-01 -8.82835811e-01  4.33082220e-01
  0.00000000e+00  0.00000000e+00  0.00000000e+00  1.00000000e+00
24 25 31
-0.20398758 -0.95486338 -0.2159282   1.3943164 
 -0.70922891 -0.00789772  0.70493402 -0.37703975
 -0.67482103  0.29694031 -0.67560568  0.31882784
  0.          0.          0.          1.        
25 26 31
-0.32682915 -0.88231044 -0.33869011  1.45238836
 -0.70922258 -0.00789037  0.70494048 -0.37703957
 -0.62464874  0.47060177 -0.62317568  0.29550692
  0.          0.          0.          1.        
26 27 31
-1.79254433e-01 -8.81584868e-01 -4.36664595e-01  1.50640289e+00
 -9.25007648e-01 -1.11529892e-04  3.79948469e-01 -2.21104573e-01
 -3.35005522e-01  4.72025537e-01 -8.15452753e-01  4.01517530e-01
  0.00000000e+00  0.00000000e+00  0.00000000e+00  1.00000000e+00
27 28 31
-0.00541486 -0.88227184 -0.47070912  1.52921502
 -0.99996632  0.00768028 -0.00289225 -0.0315074 
  0.00616693  0.4706776  -0.88228372  0.44628872
  0.          0.          0.          1.        
28 29 31
 0.16821492 -0.88425362 -0.43565959  1.51735111
 -0.92268359  0.01430279 -0.38529264  0.16288666
  0.34692756  0.46678793 -0.81348036  0.42300419
  0.          0.          0.          1.        
29 30 31
 0.3151919  -0.88724151 -0.33683316  1.47261746
 -0.70492825  0.0187518  -0.7090307   0.33248185
  0.63539769  0.46092394 -0.61953119  0.33520905
  0.          0.          0.          1.        
