-1 0 64
-0.19367664 -0.9242596   0.32898867  0.70413449
 -0.8643596   0.00212908 -0.50286972  0.43593301
  0.46408173 -0.38175863 -0.79930501  1.05518603
  0.          0.          0.          1.        
0 1 64
-1.39183511e-01 -9.24311655e-01  3.55353226e-01  6.81161677e-01
 -9.30747252e-01 -4.27158189e-04 -3.65662919e-01  3.18343019e-01
  3.38138289e-01 -3.81638288e-01 -8.60241079e-01  1.10827190e+00
  0.00000000e+00  0.00000000e+00  0.00000000e+00  1.00000000e+00
1 2 64
-0.0813117  -0.92421121  0.3731247   0.66555529
 -0.97550341 -0.00298007 -0.21996414  0.19332822
  0.20440526 -0.38187007 -0.90132887  1.14433775
  0.          0.          0.          1.        
2 3 64
-0.02141363 -0.92394791  0.38191846  0.65767643
 -0.99759096 -0.00546516 -0.069155    0.06379172
  0.06598286 -0.38247927 -0.92160505  1.16254472
  0.          0.          0.          1.        
3 4 64
 0.03913593 -0.92354431  0.38148956  0.65770879
 -0.99649543 -0.00782663  0.08328023 -0.06725466
 -0.0739272  -0.38341185 -0.92061399  1.16246993
  0.          0.          0.          1.        
4 5 64
 0.09890161 -0.92300998  0.37184814  0.66565163
 -0.97224261 -0.01000284  0.23376112 -0.19676539
 -0.21204431 -0.38464596 -0.89837893  1.14411514
  0.          0.          0.          1.        
5 6 64
 0.15651207 -0.92234066  0.35325865  0.68131974
 -0.92539695 -0.01194517  0.37881103 -0.32173222
 -0.34517308 -0.38619297 -0.8554008   1.10790664
  0.          0.          0.          1.        
6 7 64
 0.21062071 -0.92156472  0.32612481  0.70435061
 -0.85704414 -0.01360328  0.51506339 -0.43925019
 -0.47022788 -0.38798637 -0.79268677  1.0546866 
  0.          0.          0.          1.        
7 8 64
 0.15445613 -0.96046373  0.23163056  0.78537123
 -0.85704275 -0.01360862  0.51506556 -0.43925021
 -0.49154962 -0.27807233 -0.82526042  1.08428938
  0.          0.          0.          1.        
8 9 64
 0.11524999 -0.96102943  0.2512765   0.76869351
 -0.9254001  -0.01193291  0.37880373 -0.32173215
 -0.36104307 -0.27618843 -0.89071199  1.13982936
  0.          0.          0.          1.        
9 10 64
 0.07353842 -0.9615129   0.26473579  0.75734628
 -0.97224332 -0.00999782  0.23375836 -0.19676536
 -0.2221149  -0.27457782 -0.93555972  1.17761559
  0.          0.          0.          1.        
10 11 64
 0.03025922 -0.96190248  0.27171307  0.75159482
 -0.99649641 -0.00782621  0.08326854 -0.06725454
 -0.07796973 -0.27328074 -0.95876919  1.1967696 
  0.          0.          0.          1.        
11 12 64
-0.01358235 -0.96219471  0.27202362  0.75157139
 -0.99759177 -0.0054656  -0.06914329  0.06379161
  0.06801608 -0.27230765 -0.95980329  1.19684763
  0.          0.          0.          1.        
12 13 64
-0.05695739 -0.96238274  0.26566016  0.75727652
 -0.97550402 -0.0029851  -0.21996137  0.1933282 
  0.21248005 -0.27168098 -0.9386382   1.1778479 
  0.          0.          0.          1.        
13 14 64
-9.88581817e-02 -9.62456587e-01  2.52793152e-01  7.68579060e-01
 -9.30750132e-01 -4.39458288e-04 -3.65655574e-01  3.18342943e-01
  3.52038708e-01 -2.71435305e-01 -8.95763151e-01  1.14021054e+00
  0.00000000e+00  0.00000000e+00  0.00000000e+00  1.00000000e+00
14 15 64
-0.13834275 -0.96241542  0.23370462  0.78521472
 -0.86435831  0.00213443 -0.50287191  0.43593304
  0.48347285 -0.27157321 -0.83216705  1.08481058
  0.          0.          0.          1.        
15 16 64
-0.08110038 -0.98749014  0.13522554  0.86919299
 -0.8643559   0.00212447 -0.50287609  0.43593307
  0.4962979  -0.15766643 -0.85371523  1.10479528
  0.          0.          0.          1.        
16 17 64
-5.72072668e-02 -9.87512393e-01  1.46787613e-01  8.59119641e-01
 -9.30745101e-01 -4.35645840e-04 -3.65668384e-01  3.18343070e-01
  3.61166008e-01 -1.57540740e-01 -9.19097400e-01  1.16175474e+00
  0.00000000e+00  0.00000000e+00  0.00000000e+00  1.00000000e+00
17 18 64
-0.03182885 -0.98746772  0.15457822  0.85227635
 -0.97550299 -0.00299027 -0.21996586  0.19332824
  0.21767142 -0.15779277 -0.96318253  1.20045193
  0.          0.          0.          1.        
18 19 64
-0.00557802 -0.98735703  0.15841393  0.8488226 
 -0.99759142 -0.00545857 -0.06914883  0.06379166
  0.0691393  -0.15841809 -0.98494846  1.21998657
  0.          0.          0.          1.        
19 20 64
 0.02098244 -0.98717999  0.15822579  0.8488368 
 -0.9964959  -0.00783323  0.08327407 -0.0672546 
 -0.08096707 -0.15941864 -0.98388517  1.21990633
  0.          0.          0.          1.        
20 21 64
 0.04717544 -0.98694111  0.15401858  0.85231858
 -0.9722423  -0.00999263  0.23376283 -0.1967654 
 -0.2291711  -0.16077125 -0.9600173   1.20021307
  0.          0.          0.          1.        
21 22 64
 0.0724393  -0.98664822  0.14586925  0.85918894
 -0.92539484 -0.01193665  0.37881646 -0.32173227
 -0.3720174  -0.16242785 -0.91390385  1.16136281
  0.          0.          0.          1.        
22 23 64
 0.09616381 -0.98630857  0.13396988  0.86928775
 -0.85704041 -0.01359863  0.51506971 -0.43925025
 -0.50619586 -0.16434866 -0.846614    1.1042594 
  0.          0.          0.          1.        
23 24 64
 0.0365936  -0.99873493  0.03448839  0.9549577 
 -0.8570463  -0.01361607  0.51505946 -0.43925015
 -0.51393828 -0.04840603 -0.85646033  1.11432246
  0.          0.          0.          1.        
24 25 64
 0.02863932 -0.99884929  0.03846937  0.95157661
 -0.92539629 -0.01194378  0.37881268 -0.32173223
 -0.3779173  -0.04644835 -0.92467349  1.17221364
  0.          0.          0.          1.        
25 26 64
 0.02018056 -0.998947    0.04120241  0.94927631
 -0.9722452  -0.0099999   0.23375046 -0.19676529
 -0.2330923  -0.04477606 -0.97142323  1.21159896
  0.          0.          0.          1.        
26 27 64
 0.01140151 -0.99902648  0.04261579  0.94810959
 -0.9964953  -0.00782001  0.08328243 -0.06725468
 -0.0828681  -0.04341598 -0.99561435  1.23156527
  0.          0.          0.          1.        
27 28 64
 0.00252131 -0.99908567  0.04267869  0.94810484
 -0.99759077 -0.00547178 -0.0691572   0.06379174
  0.0693275  -0.0424015  -0.99669244  1.23164662
  0.          0.          0.          1.        
28 29 64
-0.00627716 -0.99912336  0.04138982  0.94926216
 -0.97550581 -0.00298304 -0.21995345  0.19332812
  0.21988409 -0.0417567  -0.97463191  1.2118411 
  0.          0.          0.          1.        
29 30 64
-1.47743352e-02 -9.99138665e-01  3.87768961e-02  9.51553399e-01
 -9.30746599e-01 -4.28544264e-04 -3.65664579e-01  3.18343035e-01
  3.65366237e-01 -4.14939152e-02 -9.29938583e-01  1.17261096e+00
  0.00000000e+00  0.00000000e+00  0.00000000e+00  1.00000000e+00
30 31 64
-0.02278504 -0.99913072  0.034909    0.95492596
 -0.86436187  0.00214184 -0.50286576  0.43593298
  0.50235386 -0.04163183 -0.8636593   1.11486572
  0.          0.          0.          1.        
31 32 64
 0.03587228 -0.99718246 -0.06588109  1.0412492 
 -0.86436178  0.00212873 -0.50286597  0.43593298
  0.50158936  0.07498405 -0.86185005  1.11488692
  0.          0.          0.          1.        
32 33 64
 2.78615884e-02 -9.97175416e-01 -6.97489970e-02  1.04462176e+00
 -9.30746599e-01 -4.28551463e-04 -3.65664579e-01  3.18343035e-01
  3.64601837e-01  7.51066377e-02 -9.28129567e-01  1.17263216e+00
  0.00000000e+00  0.00000000e+00  0.00000000e+00  1.00000000e+00
33 34 64
 0.01936441 -0.99719044 -0.07236192  1.04691399
 -0.97550581 -0.00298222 -0.21995344  0.19332812
  0.21911966  0.07484874 -0.97282282  1.21186229
  0.          0.          0.          1.        
34 35 64
 0.01056594 -0.99722812 -0.07365079  1.04807032
 -0.99759083 -0.00546215 -0.06915705  0.06379174
  0.06856307  0.07420406 -0.99488334  1.23166782
  0.          0.          0.          1.        
35 36 64
 0.00168575 -0.99728731 -0.07358788  1.04806557
 -0.99649524 -0.00782964  0.08328228 -0.06725468
 -0.08363253  0.07318958 -0.99380526  1.23158646
  0.          0.          0.          1.        
36 37 64
-0.00709331 -0.9973668  -0.07217451  1.04689985
 -0.97224519 -0.01000072  0.23375045 -0.19676529
 -0.23385673  0.07182938 -0.96961413  1.21162015
  0.          0.          0.          1.        
37 38 64
-0.01555206 -0.99746479 -0.06944147  1.04459855
 -0.92539629 -0.01194377  0.37881268 -0.32173223
 -0.3786817   0.0701522  -0.92286447  1.17223484
  0.          0.          0.          1.        
38 39 64
-0.02350636 -0.99757826 -0.06546048  1.04121746
 -0.85704638 -0.01360296  0.51505966 -0.43925015
 -0.51470278  0.06820984 -0.85465108  1.11434366
  0.          0.          0.          1.        
39 40 64
-0.08325455 -0.98285381 -0.16452073  1.12689335
 -0.85704027 -0.01362063  0.51506937 -0.43925025
 -0.50847877  0.18388276 -0.84121131  1.10432269
  0.          0.          0.          1.        
40 41 64
-0.05953005 -0.98251317 -0.17642009  1.13699115
 -0.92539474 -0.01195098  0.37881624 -0.32173227
 -0.37430034  0.18580917 -0.90850108  1.16142611
  0.          0.          0.          1.        
41 42 64
-0.03426618 -0.98222194 -0.18456945  1.14386151
 -0.97224219 -0.01000833  0.23376259 -0.19676541
 -0.23145398  0.18745636 -0.95461467  1.20027637
  0.          0.          0.          1.        
42 43 64
-0.00807316 -0.98198685 -0.18877671  1.14734429
 -0.99649601 -0.00781618  0.08327433 -0.0672546 
 -0.08324981  0.18878753 -0.97848288  1.21996962
  0.          0.          0.          1.        
43 44 64
 0.0184873  -0.98180981 -0.18896485  1.14735849
 -0.99759131 -0.00547562 -0.06914909  0.06379166
  0.06685656  0.18978808 -0.97954616  1.22004986
  0.          0.          0.          1.        
44 45 64
 0.0447381  -0.98169533 -0.18512908  1.14390374
 -0.97550309 -0.00297458 -0.21996562  0.19332824
  0.21538854  0.19043483 -0.95777991  1.20051523
  0.          0.          0.          1.        
45 46 64
 7.01165149e-02 -9.81648995e-01 -1.77338449e-01  1.13706045e+00
 -9.30745195e-01 -4.21316253e-04 -3.65668161e-01  3.18343073e-01
  3.58883067e-01  1.90696287e-01 -9.13694626e-01  1.16181803e+00
  0.00000000e+00  0.00000000e+00  0.00000000e+00  1.00000000e+00
46 47 64
 0.09400963 -0.98167224 -0.16577639  1.1269881 
 -0.86435604  0.00214648 -0.50287575  0.43593308
  0.494015    0.19056499 -0.84831254  1.10485857
  0.          0.          0.          1.        
47 48 64
 0.15089838 -0.95280655 -0.26341861  1.21097618
 -0.86435832  0.00213636 -0.50287188  0.43593304
  0.47970238  0.30357062 -0.82324389  1.08491511
  0.          0.          0.          1.        
48 49 64
 1.11413869e-01 -9.52773110e-01 -2.82507258e-01  1.22761184e+00
 -9.30750273e-01 -4.17969266e-04 -3.65655241e-01  3.18342947e-01
  3.48268402e-01  3.03682772e-01 -8.86840400e-01  1.14031507e+00
  0.00000000e+00  0.00000000e+00  0.00000000e+00  1.00000000e+00
49 50 64
 0.0695131  -0.95284939 -0.2953743   1.23891337
 -0.97550405 -0.0029799  -0.21996129  0.1933282 
  0.2087098   0.30342902 -0.92971558  1.17795243
  0.          0.          0.          1.        
50 51 64
 0.02613802 -0.95303262 -0.30173769  1.24461951
 -0.99759175 -0.00546877 -0.06914334  0.06379161
  0.06424572  0.3028183  -0.95088042  1.19695217
  0.          0.          0.          1.        
51 52 64
-0.01770354 -0.95332485 -0.30142714  1.24459607
 -0.99649643 -0.00782304  0.08326859 -0.06725454
 -0.08174009  0.30184522 -0.94984632  1.19687413
  0.          0.          0.          1.        
52 53 64
-0.06098271 -0.95371922 -0.29444993  1.23884362
 -0.97224329 -0.01000302  0.23375828 -0.19676536
 -0.22588515  0.30053218 -0.9266371   1.17772012
  0.          0.          0.          1.        
53 54 64
-0.1026943  -0.95420027 -0.28099061  1.22749738
 -0.92539996 -0.0119544   0.37880339 -0.32173215
 -0.36481337  0.29892965 -0.88178924  1.13993389
  0.          0.          0.          1.        
54 55 64
-0.1419005  -0.95475823 -0.26134455  1.21081966
 -0.85704274 -0.01361054  0.51506553 -0.43925021
 -0.49532009  0.2970715  -0.81633726  1.08439392
  0.          0.          0.          1.        
55 56 64
-0.19858934 -0.91368621 -0.35459807  1.29185482
 -0.85704406 -0.01361583  0.51506319 -0.43925019
 -0.47543428  0.40619223 -0.78036537  1.05483095
  0.          0.          0.          1.        
56 57 64
-0.14448069 -0.91291077 -0.38173192  1.31488469
 -0.92539697 -0.01194233  0.37881107 -0.32173222
 -0.35037948  0.40798445 -0.84307942  1.10805098
  0.          0.          0.          1.        
57 58 64
-0.08687019 -0.91224791 -0.40032152  1.3305538 
 -0.97224264 -0.00999808  0.23376119 -0.19676539
 -0.2172506   0.40951653 -0.88605778  1.14425948
  0.          0.          0.          1.        
58 59 64
-0.02710461 -0.91169947 -0.40996271  1.33849664
 -0.99649546 -0.00782296  0.08328029 -0.06725466
 -0.07913372  0.41078326 -0.90829234  1.16261428
  0.          0.          0.          1.        
59 60 64
 0.03344495 -0.91129587 -0.41039162  1.33852901
 -0.99759093 -0.00546883 -0.06915506  0.06379172
  0.06077635  0.41171584 -0.9092834   1.16268907
  0.          0.          0.          1.        
60 61 64
 0.09334312 -0.91104668 -0.40159807  1.33065014
 -0.97550338 -0.00298483 -0.21996421  0.19332822
  0.19919896  0.41229242 -0.88900773  1.14448209
  0.          0.          0.          1.        
61 62 64
 1.51214885e-01 -9.10939778e-01 -3.83826498e-01  1.31504276e+00
 -9.30747234e-01 -4.29996812e-04 -3.65662963e-01  3.18343019e-01
  3.32931894e-01  4.12539134e-01 -8.47919700e-01  1.10841625e+00
  0.00000000e+00  0.00000000e+00  0.00000000e+00  1.00000000e+00
62 63 64
 0.20570801 -0.91099132 -0.35746193  1.29207094
 -0.86435968  0.00214163 -0.50286952  0.43593301
  0.45887532  0.41241997 -0.78698361  1.05533038
  0.          0.          0.          1.        
