-1 0 100
-0.23179577 -0.94663198  0.22396122  0.79920895
 -0.71296342  0.0086962  -0.7011473   0.60119398
  0.66178084 -0.32219913 -0.67692972  0.81368396
  0.          0.          0.          1.        
0 1 100
-0.18625057 -0.94705512  0.2615288   0.7669352 
 -0.82389116  0.00552905 -0.56672108  0.48781725
  0.53527009 -0.3210234  -0.78130014  0.90332738
  0.          0.          0.          1.        
1 2 100
-0.13487284 -0.94728334  0.29062621  0.74182034
 -0.90977931  0.00218466 -0.41508653  0.3596191 
  0.39256964 -0.32038961 -0.86211344  0.97308555
  0.          0.          0.          1.        
2 3 100
-0.07921876 -0.94731356  0.31035689  0.72462895
 -0.96803351 -0.00122099 -0.25081792  0.22049302
  0.23798216 -0.32030536 -0.91693455  1.02083783
  0.          0.          0.          1.        
3 4 100
-0.02099068 -0.94714036  0.32013205  0.71588186
 -0.99686815 -0.00459161 -0.07894818  0.07466782
  0.07624493 -0.32078662 -0.94407768  1.04513496
  0.          0.          0.          1.        
4 5 100
 0.03806404 -0.94677206  0.31964637  0.71584503
 -0.99541461 -0.00783361  0.09533304 -0.07342516
 -0.08775468 -0.32180943 -0.94272892  1.04523726
  0.          0.          0.          1.        
5 6 100
 0.0961211  -0.94622003  0.30891487  0.72451959
 -0.96371741 -0.01082671  0.26670496 -0.21928811
 -0.24901705 -0.32334261 -0.91292939  1.02114159
  0.          0.          0.          1.        
6 7 100
 0.15143845 -0.94549771  0.28827153  0.74164175
 -0.90273149 -0.0134887   0.42999292 -0.35848857
 -0.40266892 -0.32534925 -0.85557326  0.97358157
  0.          0.          0.          1.        
7 8 100
 0.20232384 -0.94463171  0.2583331   0.76669283
 -0.81432606 -0.01574608  0.58019405 -0.48679544
 -0.54400196 -0.32775446 -0.77242403  0.90400056
  0.          0.          0.          1.        
8 9 100
 0.24723619 -0.94364441  0.22002158  0.79891016
 -0.7011716  -0.0175157   0.71277738 -0.60031193
 -0.66875456 -0.33049725 -0.66598717  0.81451387
  0.          0.          0.          1.        
9 10 100
 0.1879998  -0.96885994  0.1611412   0.84900206
 -0.70118131 -0.01751095  0.71276794 -0.60031193
 -0.68775057 -0.24698943 -0.68263854  0.83005476
  0.          0.          0.          1.        
10 11 100
 0.15413461 -0.96960141  0.1900411   0.82470699
 -0.81432754 -0.01573397  0.5801923  -0.48679544
 -0.55956517 -0.24418341 -0.79199828  0.92200913
  0.          0.          0.          1.        
11 12 100
 0.11576843 -0.97025749  0.21259837  0.8058161 
 -0.90273624 -0.01349614  0.4299827  -0.35848857
 -0.41432468 -0.24169867 -0.87744903  0.99350876
  0.          0.          0.          1.        
12 13 100
 0.07405605 -0.97079767  0.22818325  0.79290341
 -0.96371787 -0.01082814  0.26670325 -0.21928811
 -0.25644409 -0.23965526 -0.93637695  1.04238051
  0.          0.          0.          1.        
13 14 100
 0.03025731 -0.97121638  0.23626942  0.78636192
 -0.9954155  -0.00782141  0.09532473 -0.07342517
 -0.09073298 -0.23807051 -0.9670005   1.06714007
  0.          0.          0.          1.        
14 15 100
-0.01425201 -0.97149397  0.23663547  0.78638968
 -0.99686875 -0.00460382 -0.07893985  0.07466783
  0.07777901 -0.23701956 -0.96838637  1.06703497
  0.          0.          0.          1.        
15 16 100
-0.05817964 -0.97162238  0.22927078  0.79298589
 -0.96803396 -0.00121957 -0.2508162   0.22049302
  0.24397824 -0.23653429 -0.9404925   1.04206838
  0.          0.          0.          1.        
16 17 100
-0.10014618 -0.97160408  0.21437408  0.80595078
 -0.90978399  0.00219204 -0.41507624  0.3596191 
  0.40281985 -0.23660241 -0.88416937  0.99299908
  0.          0.          0.          1.        
17 18 100
-0.13888336 -0.97142887  0.19245092  0.82488976
 -0.82389247  0.00551693 -0.5667193   0.48781726
  0.54946576 -0.23726675 -0.80111914  0.92131738
  0.          0.          0.          1.        
18 19 100
-0.17322588 -0.97111279  0.16411198  0.84922737
 -0.71297292  0.00869133 -0.7011377   0.60119399
  0.67945744 -0.2384626  -0.69388269  0.82920198
  0.          0.          0.          1.        
19 20 100
-0.11335448 -0.98820095  0.10300316  0.90040752
 -0.7129639   0.00869997 -0.70114676  0.60119398
  0.69197777 -0.15291566 -0.70553778  0.84030209
  0.          0.          0.          1.        
20 21 100
-0.09047521 -0.98841135  0.1218903   0.88419111
 -0.82388913  0.00552743 -0.56672406  0.48781725
  0.55948275 -0.15169857 -0.81484146  0.93418818
  0.          0.          0.          1.        
21 22 100
-0.06465406 -0.98852781  0.13650136  0.87157113
 -0.90978554  0.00218843 -0.41507286  0.35961911
  0.41001235 -0.15102311 -0.8994898   1.00724797
  0.          0.          0.          1.        
22 23 100
-0.03668978 -0.98854209  0.14641858  0.86293287
 -0.96803138 -0.00122276 -0.25082614  0.22049302
  0.24813123 -0.15094054 -0.9568949   1.05725971
  0.          0.          0.          1.        
23 24 100
-0.00742705 -0.98845522  0.15133118  0.85853775
 -0.99686856 -0.00459575 -0.07894267  0.07466783
  0.07872677 -0.15144361 -0.9853258   1.08270707
  0.          0.          0.          1.        
24 25 100
 0.02224238 -0.98827018  0.15108718  0.85851924
 -0.99541517 -0.00782947  0.09532754 -0.07342517
 -0.09302643 -0.15251478 -0.98391327  1.08281419
  0.          0.          0.          1.        
25 26 100
 0.05141916 -0.98799258  0.14569396  0.86287791
 -0.96371517 -0.01082491  0.26671314 -0.21928811
 -0.26193348 -0.15412165 -0.95270004  1.05757785
  0.          0.          0.          1.        
26 27 100
 0.07921421 -0.98763055  0.13531816  0.87148139
 -0.90273789 -0.01349255  0.42997936 -0.35848857
 -0.42283496 -0.15621731 -0.89264032  1.00776745
  0.          0.          0.          1.        
27 28 100
 0.1047881  -0.98719355  0.12028442  0.88406932
 -0.81432399 -0.01574443  0.58019699 -0.48679544
 -0.57087292 -0.15874823 -0.80554522  0.93489323
  0.          0.          0.          1.        
28 29 100
 0.12734924 -0.98669976  0.10102357  0.90025738
 -0.70117204 -0.01751948  0.71277685 -0.60031193
 -0.70152687 -0.16160649 -0.69407737  0.84117127
  0.          0.          0.          1.        
29 30 100
 0.0657204  -0.99702951  0.04016189  0.95228695
 -0.70117598 -0.01750725  0.71277328 -0.60031193
 -0.70995287 -0.07500429 -0.70024373  0.84777876
  0.          0.          0.          1.        
30 31 100
 0.05462832 -0.99727325  0.04961665  0.94432873
 -0.81433144 -0.01574157  0.58018661 -0.48679544
 -0.57782354 -0.07209902 -0.8129709   0.94255428
  0.          0.          0.          1.        
31 32 100
 0.04205926 -0.99748697  0.0570155   0.93814058
 -0.90273764 -0.01348684  0.42998007 -0.35848857
 -0.42813056 -0.06955469 -0.90103627  1.01624808
  0.          0.          0.          1.        
32 33 100
 0.02839066 -0.99766567  0.06210628  0.93391117
 -0.96371656 -0.01082155  0.26670822 -0.21928812
 -0.26541355 -0.06742487 -0.96177416  1.06662007
  0.          0.          0.          1.        
33 34 100
 0.01405878 -0.99780118  0.06477008  0.93176815
 -0.99541525 -0.00783728  0.09532604 -0.07342516
 -0.09460881 -0.06581329 -0.99333669  1.0921391 
  0.          0.          0.          1.        
34 35 100
-5.45942165e-04 -9.97892262e-01  6.48901869e-02  9.31777264e-01
 -9.96868719e-01 -4.58794437e-03 -7.89411635e-02  7.46678230e-02
  7.90724888e-02 -6.47300948e-02 -9.94765076e-01  1.09203077e+00
  0.00000000e+00  0.00000000e+00  0.00000000e+00  1.00000000e+00
35 36 100
-0.01492027 -0.99793578  0.06246248  0.93393818
 -0.96803266 -0.00122614 -0.2508212   0.22049302
  0.25038004 -0.06420804 -0.96601613  1.06629835
  0.          0.          0.          1.        
36 37 100
-0.02867192 -0.99792809  0.05759721  0.9381847 
 -0.90978522  0.00218273 -0.41507359  0.35961911
  0.41408787 -0.06430204 -0.90796282  1.01572276
  0.          0.          0.          1.        
37 38 100
-0.04136265 -0.99787191  0.05040609  0.94438861
 -0.82389637  0.00552448 -0.56671355  0.48781726
  0.56522907 -0.06497017 -0.82237156  0.94184131
  0.          0.          0.          1.        
38 39 100
-0.0526109  -0.99776751  0.04113506  0.95236076
 -0.71296763  0.0086877  -0.70114312  0.60119399
  0.69922046 -0.06621574 -0.711833    0.84689981
  0.          0.          0.          1.        
39 40 100
 0.00852398 -0.99974158 -0.021074    1.00469152
 -0.71296036  0.00870103 -0.70115036  0.60119397
  0.70115253  0.02100151 -0.71270195  0.84894363
  0.          0.          0.          1.        
40 41 100
 0.00806027 -0.99973704 -0.02146827  1.00502465
 -0.82389279  0.00552713 -0.56671873  0.48781726
  0.56668836  0.02225546 -0.82363159  0.94421926
  0.          0.          0.          1.        
41 42 100
 0.00752558 -0.99973488 -0.02176069  1.00528286
 -0.90978429  0.00218626 -0.41507562  0.35961911
  0.41501315  0.02292122 -0.90952664  1.01835992
  0.          0.          0.          1.        
42 43 100
 0.00695532 -0.99973451 -0.02196683  1.00546013
 -0.96803336 -0.00122362 -0.25081848  0.22049302
  0.25072501  0.02300915 -0.96778487  1.06911279
  0.          0.          0.          1.        
43 44 100
 0.00636134 -0.99973622 -0.02206882  1.00555045
 -0.99686802 -0.00460031 -0.07894926  0.07466783
  0.07882691  0.02250193 -0.99663433  1.09493652
  0.          0.          0.          1.        
44 45 100
 0.00574579 -0.99974005 -0.02206376  1.00555084
 -0.99541457 -0.00782491  0.09533413 -0.07342517
 -0.09548199  0.02141482 -0.99520078  1.09504524
  0.          0.          0.          1.        
45 46 100
 0.00515359 -0.99974574 -0.02195202  1.00546125
 -0.96371728 -0.01082408  0.26670552 -0.21928811
 -0.26687532  0.01978105 -0.96352804  1.06943564
  0.          0.          0.          1.        
46 47 100
 0.00458685 -0.99975321 -0.02173653  1.00528469
 -0.90273662 -0.01349036  0.42998209 -0.35848857
 -0.43016921  0.01765009 -0.90257572  1.01888709
  0.          0.          0.          1.        
47 48 100
 0.0040571  -0.999762   -0.02143535  1.00502714
 -0.81432775 -0.01574417  0.58019172 -0.48679544
 -0.58039112  0.0151015  -0.81419782  0.94493474
  0.          0.          0.          1.        
48 49 100
 0.00360004 -0.99977229 -0.0210335   1.00469459
 -0.70116842 -0.01752049  0.71278039 -0.60031193
 -0.7129866   0.01218199 -0.70107183  0.84982568
  0.          0.          0.          1.        
49 50 100
-0.05856037 -0.9949058  -0.08205569  1.05708121
 -0.70117853 -0.01751483  0.71277058 -0.60031193
 -0.71057677  0.0992758  -0.69658091  0.84729743
  0.          0.          0.          1.        
50 51 100
-0.04654005 -0.99464279 -0.09230243  1.06570153
 -0.81432913 -0.01573834  0.58018994 -0.48679544
 -0.57853443  0.10216663 -0.80923414  0.94201604
  0.          0.          0.          1.        
51 52 100
-0.03293371 -0.99441078 -0.10031234  1.07240378
 -0.90273964 -0.01347667  0.42997619 -0.35848858
 -0.42892484  0.10471664 -0.89725019  1.01566391
  0.          0.          0.          1.        
52 53 100
-0.01812256 -0.99421843 -0.10583614  1.07698531
 -0.963717   -0.01082476  0.26670654 -0.21928811
 -0.2663102   0.10682949 -0.95794902  1.06600499
  0.          0.          0.          1.        
53 54 100
-0.00259653 -0.99407028 -0.10870848  1.0793065 
 -0.99541411 -0.00782593  0.09533886 -0.07342516
 -0.09562427  0.1084575  -0.98949127  1.09150909
  0.          0.          0.          1.        
54 55 100
 0.01320616 -0.99397173 -0.10883844  1.07929664
 -0.99686765 -0.00459929 -0.078954    0.07466782
  0.07797747  0.1095402  -0.990919    1.09140081
  0.          0.          0.          1.        
55 56 100
 0.02877796 -0.99392593 -0.10622186  1.07695606
 -0.9680331  -0.00122293 -0.2508195   0.22049302
  0.2491661   0.11004435 -0.96218839  1.06568347
  0.          0.          0.          1.        
56 57 100
 0.04367921 -0.99393297 -0.10094242  1.072356  
 -0.90978704  0.00217254 -0.41506967  0.35961912
  0.41277073  0.10996602 -0.90417244  1.01513891
  0.          0.          0.          1.        
57 58 100
 0.05741728 -0.99399444 -0.0931574   1.06563669
 -0.82389408  0.00552127 -0.56671692  0.48781726
  0.56382782  0.10929117 -0.81862912  0.94130351
  0.          0.          0.          1.        
58 59 100
 0.06960684 -0.99410646 -0.08310976  1.05700127
 -0.71297023  0.00869525 -0.70114038  0.60119399
  0.69773085  0.10805896 -0.70816307  0.84641902
  0.          0.          0.          1.        
59 60 100
 0.13015648 -0.9809047  -0.14451732  1.10889151
 -0.71296818  0.00869585 -0.70114246  0.60119398
  0.68901064  0.19429449 -0.69822202  0.83934538
  0.          0.          0.          1.        
60 61 100
 0.10633995 -0.98068507 -0.16416032  1.12576418
 -0.82389026  0.00552764 -0.5667224   0.48781725
  0.55668361  0.19551532 -0.80738907  0.93311543
  0.          0.          0.          1.        
61 62 100
 0.07948469 -0.98056517 -0.17937149  1.13889256
 -0.90978403  0.00218133 -0.41507621  0.35961911
  0.40740054  0.19618152 -0.89192915  1.00608515
  0.          0.          0.          1.        
62 63 100
 0.05039149 -0.98055161 -0.18968195  1.14788035
 -0.96803307 -0.00122857 -0.2508196   0.22049302
  0.24570853  0.19625757 -0.94926829  1.0560358 
  0.          0.          0.          1.        
63 64 100
 0.01994334 -0.9806408  -0.19479702  1.15245313
 -0.99686877 -0.00459247 -0.07894029  0.07466783
  0.07651747  0.1957614  -0.97766178  1.08145104
  0.          0.          0.          1.        
64 65 100
-0.01091227 -0.98083324 -0.19454326  1.15247238
 -0.99541537 -0.00783276  0.09532517 -0.07342516
 -0.0950219   0.19469156 -0.97625101  1.08155804
  0.          0.          0.          1.        
65 66 100
-0.04127091 -0.98112328 -0.1889281   1.14793753
 -0.96371703 -0.01081913  0.26670664 -0.21928812
 -0.26371613  0.19308046 -0.9450787   1.05635355
  0.          0.          0.          1.        
66 67 100
-0.07018818 -0.98149863 -0.17814056  1.13898592
 -0.90273642 -0.01348542  0.42998268 -0.35848857
 -0.42442971  0.19099367 -0.88508804  1.006604  
  0.          0.          0.          1.        
67 68 100
-0.09678605 -0.9819519  -0.16248977  1.12589088
 -0.81432515 -0.01574466  0.58019535 -0.48679544
 -0.57228228  0.18847432 -0.79810427  0.93381961
  0.          0.          0.          1.        
68 69 100
-0.12027171 -0.98246654 -0.14245776  1.10904771
 -0.70117644 -0.01751541  0.71277262 -0.60031193
 -0.70277046  0.18561441 -0.68677578  0.84021349
  0.          0.          0.          1.        
69 70 100
-0.18106627 -0.96255197 -0.201764    1.16020005
 -0.7011725  -0.01750968  0.71277664 -0.60031193
 -0.68961738  0.27053118 -0.67174456  0.8286263 
  0.          0.          0.          1.        
70 71 100
-0.1463055  -0.96178941 -0.23142134  1.18513625
 -0.81432998 -0.01572815  0.58018903 -0.48679545
 -0.56165949  0.27333818 -0.78091283  0.92040888
  0.          0.          0.          1.        
71 72 100
-0.10690625 -0.96112108 -0.25459245  1.20452625
 -0.90273725 -0.01348597  0.42998092 -0.35848857
 -0.41669715  0.27579774 -0.86619807  0.99177477
  0.          0.          0.          1.        
72 73 100
-0.06410502 -0.96056478 -0.27056579  1.21777911
 -0.96371626 -0.01080979  0.26670982 -0.21928812
 -0.25911682  0.27784609 -0.92501893  1.04055475
  0.          0.          0.          1.        
73 74 100
-0.01915901 -0.96013426 -0.27888195  1.2244938 
 -0.99541564 -0.00782462  0.09532299 -0.07342517
 -0.09370501  0.27942975 -0.95558275  1.06526852
  0.          0.          0.          1.        
74 75 100
 0.02654309 -0.95984923 -0.27925781  1.22446529
 -0.9968689  -0.00460061 -0.07893811  0.07466783
  0.07448392  0.28047869 -0.95696596  1.06516361
  0.          0.          0.          1.        
75 76 100
 0.07162166 -0.9597183  -0.27168203  1.21769445
 -0.96803223 -0.00123789 -0.2508228   0.22049303
  0.24038292  0.2809613  -0.9291269   1.04024319
  0.          0.          0.          1.        
76 77 100
 0.11468342 -0.9597391  -0.25641484  1.20438804
 -0.90978484  0.00218186 -0.41507444  0.35961911
  0.39892263  0.28088449 -0.87290586  0.99126604
  0.          0.          0.          1.        
77 78 100
 0.15446369 -0.95991361 -0.23389492  1.18494865
 -0.82389478  0.00551108 -0.566716    0.48781727
  0.54528741  0.28024185 -0.79001655  0.91971844
  0.          0.          0.          1.        
78 79 100
 0.18971433 -0.96023953 -0.20481336  1.15996878
 -0.71296424  0.00869017 -0.70114654  0.60119398
  0.67504849  0.27904215 -0.6829678   0.82777511
  0.          0.          0.          1.        
79 80 100
 0.2478275  -0.93226389 -0.26356323  1.20984166
 -0.71296214  0.00869429 -0.70114862  0.60119398
  0.65594703  0.36167452 -0.66251417  0.8117985 
  0.          0.          0.          1.        
80 81 100
 0.20139879 -0.93183478 -0.30186499  1.24274065
 -0.82389258  0.00551782 -0.56671913  0.48781726
  0.52975423  0.36284088 -0.76662047  0.90121383
  0.          0.          0.          1.        
81 82 100
 0.14902323 -0.9316026  -0.33152476  1.26834191
 -0.90978296  0.00217906 -0.41507856  0.35961911
  0.38741068  0.36347193 -0.84723144  0.97079487
  0.          0.          0.          1.        
82 83 100
 9.22909484e-02 -9.31572357e-01 -3.51646591e-01  1.28586680e+00
 -9.68033186e-01 -1.22480861e-03 -2.50819161e-01  2.20493020e-01
  2.33225497e-01  3.63553908e-01 -9.01905995e-01  1.01842696e+00
  0.00000000e+00  0.00000000e+00  0.00000000e+00  1.00000000e+00
83 84 100
 0.03293594 -0.93175137 -0.36160006  1.29478351
 -0.99686845 -0.0046007  -0.07894382  0.07466783
  0.0718924   0.36306778 -0.92898508  1.04266187
  0.          0.          0.          1.        
84 85 100
-0.02725519 -0.93212677 -0.36110503  1.29482106
 -0.9954151  -0.00782452  0.09532869 -0.07342517
 -0.0916839   0.3620476  -0.9276398   1.0427639 
  0.          0.          0.          1.        
85 86 100
-0.08643608 -0.93268702 -0.35017671  1.28597828
 -0.96371711 -0.01082289  0.2667062  -0.21928811
 -0.25254333  0.36052433 -0.89791095  1.01872995
  0.          0.          0.          1.        
86 87 100
-0.14282497 -0.93342276 -0.32912455  1.26852394
 -0.90273534 -0.01348315  0.42998502 -0.35848858
 -0.40579544  0.35852496 -0.84070798  0.97128963
  0.          0.          0.          1.        
87 88 100
-0.19469867 -0.93430511 -0.29860742  1.24298771
 -0.81432764 -0.01573486  0.58019213 -0.48679544
 -0.54677502  0.35612691 -0.75776692  0.9018853 
  0.          0.          0.          1.        
88 89 100
-0.2404822  -0.93530931 -0.25954729  1.21014623
 -0.70117032 -0.01751377  0.71277868 -0.60031193
 -0.67121419  0.35339745 -0.65159938  0.8126263 
  0.          0.          0.          1.        
89 90 100
-0.29806393 -0.90095056 -0.31535059  1.25850929
 -0.70117644 -0.01751248  0.71277269 -0.60031193
 -0.64769552  0.43356823 -0.62650546  0.79233295
  0.          0.          0.          1.        
90 91 100
-0.24161135 -0.89971351 -0.36351006  1.2990044 
 -0.81432418 -0.01573553  0.58019697 -0.48679544
 -0.52773108  0.4361972  -0.72885658  0.8783903 
  0.          0.          0.          1.        
91 92 100
-0.17765488 -0.89862868 -0.40112996  1.3304922 
 -0.90273464 -0.01347097  0.42998687 -0.35848858
 -0.39180214  0.43850317 -0.80883005  0.94530498
  0.          0.          0.          1.        
92 93 100
-0.10812041 -0.89772034 -0.4270927   1.35201535
 -0.96371859 -0.0108146   0.2667012  -0.21928812
 -0.24404193  0.44043302 -0.86398049  0.99104356
  0.          0.          0.          1.        
93 94 100
-0.03514381 -0.89702883 -0.44057256  1.36291852
 -0.99541505 -0.00782232  0.09532942 -0.07342517
 -0.08895954  0.4419028  -0.89264109  1.01421553
  0.          0.          0.          1.        
94 95 100
 0.03907818 -0.89656594 -0.44118298  1.36287223
 -0.99686838 -0.0046029  -0.07894455  0.07466783
  0.06874827  0.44288637 -0.89393811  1.01411717
  0.          0.          0.          1.        
95 96 100
 1.12269545e-01 -8.96345837e-01 -4.28905223e-01  1.35187789e+00
 -9.68034475e-01 -1.23311078e-03 -2.50814143e-01  2.20493029e-01
  2.24287325e-01  4.43353832e-01 -8.67832112e-01  9.90751445e-01
  0.00000000e+00  0.00000000e+00  0.00000000e+00  1.00000000e+00
96 97 100
 0.18222753 -0.89638421 -0.40408969  1.33026773
 -0.90978214  0.0021669  -0.41508043  0.35961912
  0.37294716  0.44327266 -0.81511947  0.94482798
  0.          0.          0.          1.        
97 98 100
 0.24680262 -0.89666743 -0.36752686  1.29869975
 -0.8238892   0.00551853 -0.56672404  0.48781726
  0.51019119  0.44267039 -0.73739262  0.87774291
  0.          0.          0.          1.        
98 99 100
 0.30405066 -0.89719536 -0.32030248  1.25813373
 -0.71296815  0.00869292 -0.70114253  0.60119398
  0.63184619  0.44154831 -0.63702863  0.79153485
  0.          0.          0.          1.        
