-1 0 100
-0.32877869 -0.89440403  0.303226    0.75186381
 -0.70492827  0.01874861 -0.70903076  0.61532486
  0.6284749  -0.44686678 -0.63665483  0.9186962 
  0.          0.          0.          1.        
0 1 100
-0.26830688 -0.89582918  0.3542619   0.70790617
 -0.81737713  0.01708624 -0.57584954  0.49138949
  0.50980982 -0.44406997 -0.73681464  1.0049682 
  0.          0.          0.          1.        
1 2 100
-0.19990953 -0.89709567  0.3940248   0.67438645
 -0.90499005  0.01492401 -0.42517089  0.35252254
  0.37553853 -0.44158424 -0.8148461   1.07075374
  0.          0.          0.          1.        
2 3 100
-0.12561849 -0.89818374  0.42129084  0.65232464
 -0.96510788  0.01229251 -0.26156388  0.20294522
  0.2297537  -0.43944837 -0.86838837  1.11405392
  0.          0.          0.          1.        
3 4 100
-0.04774867 -0.89903536  0.43526484  0.64238802
 -0.99589524  0.00930337 -0.09003395  0.04720139
  0.07689428 -0.43777718 -0.89578927  1.13355304
  0.          0.          0.          1.        
4 5 100
 0.03141532 -0.89964339  0.43549381  0.64488235
 -0.99642478  0.00599871  0.08427147 -0.10997633
 -0.07842667 -0.43658423 -0.89623851  1.12865912
  0.          0.          0.          1.        
5 6 100
 0.10936856 -0.89998856  0.4219705   0.65972872
 -0.96667966  0.00254465  0.25597648 -0.26381288
 -0.23144967 -0.43590608 -0.86972233  1.09952211
  0.          0.          0.          1.        
6 7 100
 1.83824023e-01 -9.00042945e-01  3.95134692e-01  6.86477305e-01
 -9.07556699e-01 -1.00268228e-03  4.19928367e-01 -4.09633102e-01
 -3.77557369e-01 -4.35800058e-01 -8.17024321e-01  1.04702484e+00
  0.00000000e+00  0.00000000e+00  0.00000000e+00  1.00000000e+00
7 8 100
 0.25246162 -0.89982896  0.35576815  0.72431478
 -0.82086036 -0.00450371  0.57111118 -0.54300784
 -0.51230011 -0.43621962 -0.73977094  0.97276308
  0.          0.          0.          1.        
8 9 100
 0.31324237 -0.8993351   0.30508295  0.7720929 
 -0.70922255 -0.00788717  0.70494054 -0.65988258
 -0.63157153 -0.43718895 -0.64029933  0.87899407
  0.          0.          0.          1.        
9 10 100
 0.25470389 -0.93525607  0.2458089   0.82299338
 -0.70923338 -0.00787644  0.70492976 -0.65988292
 -0.65735374 -0.35388423 -0.66532098  0.90192265
  0.          0.          0.          1.        
10 11 100
 0.20499236 -0.9356583   0.28726588  0.78391097
 -0.82086796 -0.00450382  0.57110027 -0.54300806
 -0.53306091 -0.35287854 -0.76897516  0.99963565
  0.          0.          0.          1.        
11 12 100
 1.48841946e-01 -9.35835220e-01  3.19465986e-01  7.52959561e-01
 -9.07560306e-01 -9.96648254e-04  4.19920584e-01 -4.09633214e-01
 -3.92658077e-01 -3.52436445e-01 -8.49475242e-01  1.07702101e+00
  0.00000000e+00  0.00000000e+00  0.00000000e+00  1.00000000e+00
12 13 100
 0.0879384  -0.93578606  0.34142539  0.73107889
 -0.9666802   0.0025517   0.25597438 -0.2638129 
 -0.24040847 -0.35255914 -0.90438146  1.1317264 
  0.          0.          0.          1.        
13 14 100
 0.02415561 -0.93550961  0.35247451  0.71893408
 -0.99642637  0.00601513  0.08425146 -0.10997638
 -0.08093823 -0.35325004 -0.93202114  1.16208937
  0.          0.          0.          1.        
14 15 100
-0.04056064 -0.93501255  0.35228733  0.71689497
 -0.9958972   0.00928698 -0.09001396  0.04720133
  0.0808925  -0.35449299 -0.93155307  1.16718841
  0.          0.          0.          1.        
15 16 100
-0.10427517 -0.93430975  0.34086944  0.72502254
 -0.96510854  0.01228547 -0.26156179  0.20294521
  0.24019199 -0.35625041 -0.90299139  1.14686939
  0.          0.          0.          1.        
16 17 100
-0.16504425 -0.93342441  0.31855812  0.74306949
 -0.9049938   0.01491803 -0.42516312  0.35252242
  0.39210538 -0.35846385 -0.84720543  1.1017477 
  0.          0.          0.          1.        
17 18 100
-0.22099812 -0.93238646  0.28603376  0.77048866
 -0.81738478  0.01708648 -0.57583867  0.49138923
  0.53201687 -0.36105891 -0.76589459  1.03319462
  0.          0.          0.          1.        
18 19 100
-0.27045698 -0.93122255  0.24428995  0.80644637
 -0.70493933  0.01873804 -0.70902005  0.61532451
  0.65567794 -0.36396902 -0.66152324  0.94329426
  0.          0.          0.          1.        
19 20 100
-0.20991859 -0.96037915  0.1833196   0.86303308
 -0.7049351   0.0187436  -0.70902411  0.61532464
  0.6774959  -0.27806576 -0.6809396   0.96284421
  0.          0.          0.          1.        
20 21 100
-0.17187551 -0.9612742   0.21543148  0.83537116
 -0.81738817  0.0170985  -0.57583349  0.4913891 
  0.54985033 -0.27506282 -0.78867298  1.05563343
  0.          0.          0.          1.        
21 22 100
-0.12883124 -0.9620743   0.24044863  0.81427828
 -0.90499123  0.01492609 -0.42516831  0.35252249
  0.40545455 -0.27237886 -0.87259175  1.12638939
  0.          0.          0.          1.        
22 23 100
-0.08208736 -0.96275572  0.25761036  0.80039465
 -0.96510667  0.01229846 -0.26156808  0.20294525
  0.24865795 -0.27009291 -0.93017151  1.17296108
  0.          0.          0.          1.        
23 24 100
-0.03307645 -0.96329239  0.26640892  0.79414194
 -0.99589649  0.00929983 -0.09002052  0.04720134
  0.08423853 -0.26829327 -0.95964712  1.19393326
  0.          0.          0.          1.        
24 25 100
 0.0167348  -0.96367497  0.266553    0.79571142
 -0.99642589  0.00600228  0.08425803 -0.10997635
 -0.08279728 -0.26701035 -0.96013024  1.18867022
  0.          0.          0.          1.        
25 26 100
 0.06579825 -0.96389156  0.2580381   0.8050543 
 -0.96667856  0.00253868  0.25598068 -0.26381284
 -0.24739269 -0.26628298 -0.93160626  1.15733129
  0.          0.          0.          1.        
26 27 100
 1.12645563e-01 -9.63928975e-01  2.41147069e-01  8.21886838e-01
 -9.07557891e-01 -1.00473915e-03  4.19925786e-01 -4.09633131e-01
 -4.04536343e-01 -2.66157702e-01 -8.74934526e-01  1.10086782e+00
  0.00000000e+00  0.00000000e+00  0.00000000e+00  1.00000000e+00
27 28 100
 0.15584103 -0.96379124  0.21637935  0.845697  
 -0.8208715  -0.00451579  0.57109507 -0.54300814
 -0.5494393  -0.26661968 -0.79185251  1.0209965 
  0.          0.          0.          1.        
28 29 100
 0.19407848 -0.96348206  0.1844881   0.87576241
 -0.70922926 -0.00788206  0.70493385 -0.65988279
 -0.67773697 -0.26765685 -0.68485941  0.92014291
  0.          0.          0.          1.        
29 30 100
 0.13185504 -0.98377648  0.12164738  0.92996608
 -0.70923289 -0.00789105  0.70493009 -0.65988288
 -0.69253372 -0.17922491 -0.69876711  0.93350583
  0.          0.          0.          1.        
30 31 100
 0.1053936  -0.98398908  0.14372782  0.90916459
 -0.82086612 -0.00450275  0.57110292 -0.54300801
 -0.56131186 -0.17817189 -0.80819785  1.03666852
  0.          0.          0.          1.        
31 32 100
 7.55109910e-02 -9.84084097e-01  1.60861989e-01  8.92690267e-01
 -9.07564885e-01 -9.99361979e-04  4.19910683e-01 -4.09633337e-01
 -4.13066666e-01 -1.77700564e-01 -8.93195633e-01  1.11837025e+00
  0.00000000e+00  0.00000000e+00  0.00000000e+00  1.00000000e+00
32 33 100
 0.04311156 -0.98405672  0.17255076  0.88104541
 -0.96667867  0.00253499  0.25598033 -0.26381283
 -0.25233658 -0.17783685 -0.95115735  1.17612584
  0.          0.          0.          1.        
33 34 100
 0.00914444 -0.98391102  0.17842501  0.87458053
 -0.99642605  0.00601828  0.08425502 -0.10997638
 -0.08397326 -0.17855779 -0.98033954  1.20818353
  0.          0.          0.          1.        
34 35 100
-0.02528818 -0.98364656  0.17832542  0.87349561
 -0.99589691  0.00928383 -0.09001752  0.04720135
  0.08688988 -0.17987011 -0.97984534  1.21356716
  0.          0.          0.          1.        
35 36 100
-0.05921899 -0.98327077  0.17225478  0.87782113
 -0.96510672  0.01230216 -0.26156773  0.20294524
  0.2550728  -0.18173403 -0.94968974  1.19211353
  0.          0.          0.          1.        
36 37 100
-0.09154686 -0.982801    0.1603788   0.88742653
 -0.90499839  0.01492082 -0.42515325  0.35252225
  0.41544806 -0.184064   -0.89079928  1.14447548
  0.          0.          0.          1.        
37 38 100
-0.12132487 -0.98224776  0.14307207  0.90202104
 -0.81738294  0.01708538 -0.57584131  0.4913893 
  0.56317439 -0.18680855 -0.80494544  1.07209935
  0.          0.          0.          1.        
38 39 100
-0.14765177 -0.98162972  0.12083895  0.92115925
 -0.70493862  0.01875265 -0.70902037  0.61532451
  0.69372942 -0.18987216 -0.69475755  0.97718485
  0.          0.          0.          1.        
39 40 100
-0.08418115 -0.99479667  0.05738576  0.98034515
 -0.70493918  0.01875252 -0.70901981  0.61532449
  0.70425442 -0.10013957 -0.70284976  0.98619842
  0.          0.          0.          1.        
40 41 100
-0.069796   -0.99513563  0.06952404  0.96988789
 -0.81738121  0.01709816 -0.57584338  0.49138933
  0.57185354 -0.09701921 -0.81459855  1.08245725
  0.          0.          0.          1.        
41 42 100
-0.05351531 -0.99543809  0.07898807  0.96191369
 -0.90499051  0.01491552 -0.42517021  0.35252254
  0.42205247 -0.09423657 -0.90166023  1.15585794
  0.          0.          0.          1.        
42 43 100
-0.03584349 -0.99569623  0.08546494  0.95666614
 -0.96510796  0.01229122 -0.26156366  0.20294522
  0.25938748 -0.09185825 -0.96139492  1.20417017
  0.          0.          0.          1.        
43 44 100
-0.01732447 -0.99590025  0.08878379  0.95430138
 -0.99589603  0.00929867 -0.09002576  0.04720136
  0.0888311  -0.08997908 -0.99197419  1.22592771
  0.          0.          0.          1.        
44 45 100
 0.00151152 -0.99604492  0.08883828  0.95489487
 -0.99642544  0.00600343  0.08426326 -0.10997635
 -0.08446333 -0.08864808 -0.99247542  1.22046747
  0.          0.          0.          1.        
45 46 100
 0.02005038 -0.99612553  0.0856266   0.95842727
 -0.96667972  0.00254594  0.25597625 -0.26381288
 -0.25520248 -0.08790592 -0.9628833   1.18795623
  0.          0.          0.          1.        
46 47 100
 3.77612504e-02 -9.96139145e-01  7.92520783e-02  9.64789671e-01
 -9.07557023e-01 -9.94184605e-04  4.19927685e-01 -4.09633127e-01
 -4.18227614e-01 -8.77827747e-02 -9.04090619e-01  1.12938201e+00
  0.00000000e+00  0.00000000e+00  0.00000000e+00  1.00000000e+00
47 48 100
 0.05409913 -0.99608721  0.06988239  0.97379164
 -0.8208646  -0.00451555  0.571105   -0.54300794
 -0.56855483 -0.08826026 -0.81789701  1.04652473
  0.          0.          0.          1.        
48 49 100
 0.06855776 -0.99596978  0.05782753  0.98515771
 -0.70923346 -0.00789092  0.70492953 -0.6598829 
 -0.7016322  -0.08934161 -0.70691608  0.94190109
  0.          0.          0.          1.        
49 50 100
 0.00467496 -0.99996806 -0.00648296  1.0408817 
 -0.70922853 -0.00788593  0.70493454 -0.65988276
 -0.70496315  0.00130236 -0.70924274  0.94525905
  0.          0.          0.          1.        
50 51 100
 0.00234188 -0.99998698 -0.00453329  1.03904504
 -0.82086352 -0.00451141  0.57110658 -0.54300792
 -0.5711196   0.00238375 -0.8208634   1.05048288
  0.          0.          0.          1.        
51 52 100
-2.99908075e-04 -9.99995358e-01 -3.03203432e-03  1.03759037e+00
 -9.07559565e-01 -1.00103866e-03  4.19922176e-01 -4.09633185e-01
 -4.19923262e-01  2.87768980e-03 -9.07555052e-01  1.13381532e+00
  0.00000000e+00  0.00000000e+00  0.00000000e+00  1.00000000e+00
52 53 100
-0.00315805 -0.99999305 -0.00198224  1.0365626 
 -0.96668135  0.00254545  0.2559701  -0.26381292
 -0.25596327  0.00272457 -0.96668267  1.19272559
  0.          0.          0.          1.        
53 54 100
-0.00615254 -0.99997999 -0.00146837  1.03599241
 -0.99642523  0.00600693  0.08426557 -0.10997635
 -0.08425506  0.00198157 -0.99644225  1.22542263
  0.          0.          0.          1.        
54 55 100
-9.19952643e-03 -9.99956592e-01 -1.47718535e-03  1.03589640e+00
 -9.95895852e-01  9.29516182e-03 -9.00280607e-02  4.72013774e-02
  9.00378835e-02  6.42907235e-04 -9.95938134e-01  1.23091434e+00
  0.00000000e+00  0.00000000e+00  0.00000000e+00  1.00000000e+00
55 56 100
-0.01219083 -0.99992367 -0.00200837  1.03627799
 -0.96510962  0.01229173 -0.26155751  0.20294516
  0.26156223 -0.00125031 -0.9651858   1.20903203
  0.          0.          0.          1.        
56 57 100
-0.01504256 -0.99988213 -0.00307468  1.03712585
 -0.90499298  0.01492241 -0.42516471  0.35252244
  0.42516048 -0.00361301 -0.90511077  1.16044261
  0.          0.          0.          1.        
57 58 100
-0.01767518 -0.99983324 -0.00459119  1.03841433
 -0.81738019  0.017094   -0.57584495  0.49138938
  0.57582741 -0.00642542 -0.81754603  1.08662142
  0.          0.          0.          1.        
58 59 100
-0.01999638 -0.99977857 -0.00655432  1.04010435
 -0.70493431  0.01874746 -0.70902479  0.61532466
  0.70899067 -0.00955756 -0.70515309  0.98981056
  0.          0.          0.          1.        
59 60 100
 0.0443327  -0.99653125 -0.07042777  1.09994592
 -0.70493998  0.01874777 -0.70901915  0.61532447
  0.7078801   0.08108009 -0.70166358  0.98799189
  0.          0.          0.          1.        
60 61 100
 0.03457857 -0.99630119 -0.07866551  1.10703682
 -0.81738176  0.0170983  -0.5758426   0.49138931
  0.57505771  0.08421157 -0.81376719  1.08455701
  0.          0.          0.          1.        
61 62 100
 0.02355258 -0.99609596 -0.08507708  1.1124447 
 -0.90499125  0.01491546 -0.42516863  0.35252251
  0.42477772  0.08700783 -0.90110683  1.15819105
  0.          0.          0.          1.        
62 63 100
 0.01157384 -0.99592097 -0.08948443  1.11600331
 -0.96511014  0.01228526 -0.26155589  0.20294515
  0.26158834  0.08938954 -0.96103124  1.20665806
  0.          0.          0.          1.        
63 64 100
-1.00006351e-03 -9.95783199e-01 -9.17323256e-02  1.11760670e+00
 -9.95895958e-01  9.29353960e-03 -9.00270579e-02  4.72013754e-02
  9.04999498e-02  9.12658195e-02 -9.91705757e-01  1.22848401e+00
  0.00000000e+00  0.00000000e+00  0.00000000e+00  1.00000000e+00
64 65 100
-0.01376473 -0.99568516 -0.09176925  1.1172045 
 -0.9964253   0.00600855  0.08426457 -0.10997636
 -0.08334958  0.09260108 -0.99220859  1.22300627
  0.          0.          0.          1.        
65 66 100
-0.02635205 -0.99562968 -0.08959413  1.11480833
 -0.96668176  0.00255193  0.25596847 -0.26381294
 -0.25462117  0.0933543  -0.9625243   1.19039309
  0.          0.          0.          1.        
66 67 100
-3.83573617e-02 -9.95620461e-01 -8.52561468e-02  1.11049401e+00
 -9.07557756e-01 -9.94114012e-04  4.19926102e-01 -4.09633147e-01
 -4.18171774e-01  9.34821347e-02 -9.03544940e-01  1.13163101e+00
  0.00000000e+00  0.00000000e+00  0.00000000e+00  1.00000000e+00
67 68 100
-0.04942211 -0.99565602 -0.07890847  1.10439009
 -0.82086514 -0.00451569  0.57110422 -0.54300796
 -0.56897968  0.09299839 -0.81707615  1.04851015
  0.          0.          0.          1.        
68 69 100
-0.05922611 -0.99573587 -0.0707273   1.09668294
 -0.70923417 -0.00788616  0.70492886 -0.65988293
 -0.70248072  0.09191241 -0.70574284  0.94355359
  0.          0.          0.          1.        
69 70 100
-0.12266434 -0.9833047  -0.13440731  1.15209782
 -0.7092265  -0.00788345  0.70493661 -0.6598827 
 -0.69422708  0.18179581 -0.69641873  0.93679765
  0.          0.          0.          1.        
70 71 100
-0.10078339 -0.98313004 -0.15263692  1.16928675
 -0.82086711 -0.0045176   0.57110137 -0.54300801
 -0.56215647  0.18285216 -0.80656382  1.04062325
  0.          0.          0.          1.        
71 72 100
-7.60945310e-02 -9.83050009e-01 -1.66800187e-01  1.18289861e+00
 -9.07555212e-01 -1.00165637e-03  4.19931583e-01 -4.09633062e-01
 -4.12980822e-01  1.83334876e-01 -8.92095939e-01  1.12284915e+00
  0.00000000e+00  0.00000000e+00  0.00000000e+00  1.00000000e+00
72 73 100
-0.04930654 -0.98307119 -0.17646502  1.19252237
 -0.96667985  0.00253578  0.25597585 -0.26381287
 -0.25119501  0.18320646 -0.95044014  1.1809776 
  0.          0.          0.          1.        
73 74 100
-0.0212695  -0.98319601 -0.18130972  1.19786272
 -0.99642566  0.00601749  0.08425967 -0.10997638
 -0.08175274  0.18245381 -0.97980972  1.21324065
  0.          0.          0.          1.        
74 75 100
 0.00721346 -0.98341477 -0.18122733  1.19876018
 -0.99589648  0.00928461 -0.09002216  0.04720137
  0.09021175  0.18113304 -0.97931234  1.21865898
  0.          0.          0.          1.        
75 76 100
 0.03522062 -0.9837204  -0.17622054  1.19518569
 -0.96510794  0.01230138 -0.26156326  0.2029452 
  0.25947287  0.17928426 -0.94896311  1.19706797
  0.          0.          0.          1.        
76 77 100
 0.06194942 -0.98411026 -0.16640092  1.18724817
 -0.90498856  0.01492296 -0.42517409  0.35252259
  0.42090138  0.17693021 -0.88968406  1.1491235 
  0.          0.          0.          1.        
77 78 100
 0.08655181 -0.98456888 -0.15209508  1.1751894 
 -0.81738372  0.01710024 -0.57583977  0.49138925
  0.56955478  0.17416002 -0.80329051  1.07628173
  0.          0.          0.          1.        
78 79 100
 0.10832168 -0.9850788  -0.13373922  1.15937583
 -0.7049323   0.01874494 -0.70902686  0.61532473
  0.70095426  0.17108007 -0.69238338  0.98075767
  0.          0.          0.          1.        
79 80 100
 0.17139738 -0.96552275 -0.19593047  1.21790529
 -0.70493363  0.01874212 -0.7090256   0.61532469
  0.68825251  0.25964311 -0.67741711  0.96816578
  0.          0.          0.          1.        
80 81 100
 0.13781755 -0.96473053 -0.22427957  1.2423118 
 -0.81738037  0.01710403 -0.57584441  0.49138935
  0.55937077  0.26268318 -0.78619456  1.06186472
  0.          0.          0.          1.        
81 82 100
 0.09984781 -0.96402605 -0.2463416   1.26092283
 -0.90499396  0.01491006 -0.42516306  0.35252243
  0.41354123  0.26538926 -0.87094902  1.13331285
  0.          0.          0.          1.        
82 83 100
 0.05859305 -0.9634236  -0.26149919  1.27317221
 -0.96510601  0.01230188 -0.26157034  0.20294527
  0.25521997  0.26770064 -0.9290851   1.18034139
  0.          0.          0.          1.        
83 84 100
 0.01535599 -0.96294616 -0.26925618  1.27868918
 -0.99589615  0.00929113 -0.09002518  0.04720137
  0.08919109  0.26953362 -0.9588517   1.20151929
  0.          0.          0.          1.        
84 85 100
-0.02858735 -0.96260865 -0.26938328  1.27730459
 -0.99642545  0.00601096  0.08426268 -0.10997636
 -0.07949274  0.2708292  -0.95933959  1.19620432
  0.          0.          0.          1.        
85 86 100
-0.07187079 -0.96242157 -0.26187654  1.26906149
 -0.96667797  0.00253525  0.25598295 -0.26381282
 -0.24569959  0.27154797 -0.93053394  1.16455818
  0.          0.          0.          1.        
86 87 100
-1.13216915e-01 -9.62389603e-01 -2.46957855e-01  1.25420949e+00
 -9.07560345e-01 -9.88672263e-04  4.19920519e-01 -4.09633229e-01
 -4.04371302e-01  2.71671262e-01 -8.73314706e-01  1.10754168e+00
  0.00000000e+00  0.00000000e+00  0.00000000e+00  1.00000000e+00
87 88 100
-0.15131998 -0.9625098  -0.22511586  1.23320152
 -0.82086385 -0.00452144  0.57110604 -0.54300791
 -0.550713    0.27120922 -0.78940531  1.02688768
  0.          0.          0.          1.        
88 89 100
-0.18507143 -0.96278488 -0.1969615   1.20667351
 -0.70922778 -0.0078806   0.70493536 -0.65988275
 -0.68025328  0.27015397 -0.68137531  0.92504627
  0.          0.          0.          1.        
89 90 100
-0.24596698 -0.93433277 -0.25791959  1.25995866
 -0.70922848 -0.0078876   0.70493457 -0.65988275
 -0.66067783  0.35631455 -0.66071533  0.9083981 
  0.          0.          0.          1.        
90 91 100
-0.20062211 -0.93396731 -0.29572933  1.2956076 
 -0.82086626 -0.00450539  0.57110269 -0.54300801
 -0.53472362  0.35733005 -0.76575837  1.00741571
  0.          0.          0.          1.        
91 92 100
-1.49399897e-01 -9.33803842e-01 -3.25100069e-01  1.32384013e+00
 -9.07556426e-01 -9.96034083e-04  4.19928971e-01 -4.09633106e-01
 -3.92455098e-01  3.57784002e-01 -8.47330871e-01  1.08583358e+00
  0.00000000e+00  0.00000000e+00  0.00000000e+00  1.00000000e+00
92 93 100
-0.0938518  -0.93385174 -0.34512716  1.34379792
 -0.96668022  0.00254965  0.25597431 -0.2638129 
 -0.2381621   0.35765125 -0.9029753   1.14126957
  0.          0.          0.          1.        
93 94 100
-0.03567695 -0.93410449 -0.35521255  1.35487546
 -0.9964255   0.00601497  0.08426171 -0.10997637
 -0.07657265  0.35694904 -0.93098013  1.17203792
  0.          0.          0.          1.        
94 95 100
 0.02337893 -0.93455807 -0.35504174  1.35673622
 -0.99589628  0.00928713 -0.0900242   0.04720137
  0.08743016  0.35568941 -0.93050578  1.1772054 
  0.          0.          0.          1.        
95 96 100
 0.08149149 -0.93519847 -0.34462001  1.34932272
 -0.96510853  0.01228752 -0.26156172  0.2029452 
  0.24884665  0.35391077 -0.9015667   1.15661447
  0.          0.          0.          1.        
96 97 100
 0.13691699 -0.93600291 -0.32427194  1.33286153
 -0.90498988  0.01491736 -0.42517149  0.35252256
  0.40279903  0.35167603 -0.84503072  1.11089081
  0.          0.          0.          1.        
97 98 100
 0.18795991 -0.93695183 -0.29460541  1.30785122
 -0.81738305  0.01708802 -0.57584108  0.49138929
  0.54456958  0.34904051 -0.76263668  1.04142258
  0.          0.          0.          1.        
98 99 100
 0.23307436 -0.93801207 -0.25653403  1.27505252
 -0.70493423  0.01874912 -0.70902482  0.61532466
  0.66988362  0.34609512 -0.65686688  0.95032205
  0.          0.          0.          1.        
