{
  "CalibrationInformation": {
    "Cameras": [
      {
        "Intrinsics": {
          "ModelParameterCount": 14,
          "ModelParameters": [
            0.49828776717185974,
            0.49382272362709045,
            0.4917442798614502,
            0.49184492230415344,
            5.888614177703857,
            3.919041633605957,
            0.1990281343460083,
            6.217069625854492,
            5.88499116897583,
            1.061461329460144,
            0,
            0,
            0.00009079274605028331,
            -0.00009704803233034909
          ],
          "ModelType": "CALIBRATION_LensDistortionModelBrownConrady"
        },
        "Location": "CALIBRATION_CameraLocationD0",
        "Purpose": "CALIBRATION_CameraPurposeDepth",
        "MetricRadius": 1.739999771118164,
        "Rt": {
          "Rotation": [
            1,
            0,
            0,
            0,
            1,
            0,
            0,
            0,
            1
          ],
          "Translation": [
            0,
            0,
            0
          ]
        },
        "SensorHeight": 1024,
        "SensorWidth": 1024,
        "Shutter": "CALIBRATION_ShutterTypeUndefined",
        "ThermalAdjustmentParams": {
          "Params": [
            0,
            0,
            0,
            0,
            0,
            0,
            0,
            0,
            0,
            0,
            0,
            0
          ]
        }
      },
      {
        "Intrinsics": {
          "ModelParameterCount": 14,
          "ModelParameters": [
            0.4978230595588684,
            0.5074834227561951,
            0.4759587347507477,
            0.634396493434906,
            0.5040435194969177,
            -2.6585097312927246,
            1.516607642173767,
            0.3857000470161438,
            -2.4865224361419678,
            1.4463715553283691,
            0,
            0,
            -0.0005786155234090984,
            0.0013027479872107506
          ],
          "ModelType": "CALIBRATION_LensDistortionModelBrownConrady"
        },
        "Location": "CALIBRATION_CameraLocationPV0",
        "Purpose": "CALIBRATION_CameraPurposePhotoVideo",
        "MetricRadius": 0,
        "Rt": {
          "Rotation": [
            0.9999949932098389,
            -0.0029583487194031477,
            -0.0011030827881768346,
            0.003048301674425602,
            0.9956403970718384,
            0.09322506934404373,
            0.0008224815246649086,
            -0.09322796761989594,
            0.9956444501876831
          ],
          "Translation": [
            -0.03203514590859413,
            -0.002023113425821066,
            0.004063054919242859
          ]
        },
        "SensorHeight": 3072,
        "SensorWidth": 4096,
        "Shutter": "CALIBRATION_ShutterTypeUndefined",
        "ThermalAdjustmentParams": {
          "Params": [
            0,
            0,
            0,
            0,
            0,
            0,
            0,
            0,
            0,
            0,
            0,
            0
          ]
        }
      }
    ],
    "InertialSensors": [
      {
        "BiasTemperatureModel": [
          -0.0013292317744344473,
          0,
          0,
          0,
          0.03492380678653717,
          0,
          0,
          0,
          -0.01873994991183281,
          0,
          0,
          0
        ],
        "BiasUncertainty": [
          0.00009999999747378752,
          0.00009999999747378752,
          0.00009999999747378752
        ],
        "Id": "CALIBRATION_InertialSensorId_LSM6DSM",
        "MixingMatrixTemperatureModel": [
          0.99919193983078,
          0,
          0,
          0,
          0.00296773505397141,
          0,
          0,
          0,
          -0.0023357223253697157,
          0,
          0,
          0,
          0.002931536640971899,
          0,
          0,
          0,
          1.0115306377410889,
          0,
          0,
          0,
          0.0024933917447924614,
          0,
          0,
          0,
          -0.0023352159187197685,
          0,
          0,
          0,
          0.0025236329529434443,
          0,
          0,
          0,
          0.9994062185287476,
          0,
          0,
          0
        ],
        "ModelTypeMask": 16,
        "Noise": [
          0.0009500000160187483,
          0.0009500000160187483,
          0.0009500000160187483,
          0,
          0,
          0
        ],
        "Rt": {
          "Rotation": [
            0.0032135709188878536,
            0.1161528155207634,
            -0.993226170539856,
            -0.9999939203262329,
            0.0017315053846687078,
            -0.003032976994290948,
            0.0013674875954166055,
            0.993229866027832,
            0.11615767329931259
          ],
          "Translation": [
            0,
            0,
            0
          ]
        },
        "SecondOrderScaling": [
          0,
          0,
          0,
          0,
          0,
          0,
          0,
          0,
          0
        ],
        "SensorType": "CALIBRATION_InertialSensorType_Gyro",
        "TemperatureBounds": [
          5,
          60
        ],
        "TemperatureC": 0
      },
      {
        "BiasTemperatureModel": [
          0.31927862763404846,
          0,
          0,
          0,
          0.11191224306821823,
          0,
          0,
          0,
          -0.14112509787082672,
          0,
          0,
          0
        ],
        "BiasUncertainty": [
          0.009999999776482582,
          0.009999999776482582,
          0.009999999776482582
        ],
        "Id": "CALIBRATION_InertialSensorId_LSM6DSM",
        "MixingMatrixTemperatureModel": [
          0.9777540564537048,
          0,
          0,
          0,
          -0.0008245736244134605,
          0,
          0,
          0,
          0.0008484124555252492,
          0,
          0,
          0,
          -0.0008163105230778456,
          0,
          0,
          0,
          0.9876543283462524,
          0,
          0,
          0,
          0.0019154992187395692,
          0,
          0,
          0,
          0.0008377205231226981,
          0,
          0,
          0,
          0.0019105048850178719,
          0,
          0,
          0,
          0.9902362823486328,
          0,
          0,
          0
        ],
        "ModelTypeMask": 56,
        "Noise": [
          0.010700000450015068,
          0.010700000450015068,
          0.010700000450015068,
          0,
          0,
          0
        ],
        "Rt": {
          "Rotation": [
            -0.007267367094755173,
            0.11455199867486954,
            -0.993390679359436,
            -0.9999723434448242,
            -0.002418920397758484,
            0.007036580704152584,
            -0.0015968786319717765,
            0.9934142827987671,
            0.11456640809774399
          ],
          "Translation": [
            -0.0511007159948349,
            0.004067874513566494,
            0.0017217725981026888
          ]
        },
        "SecondOrderScaling": [
          0,
          0,
          0,
          0,
          0,
          0,
          0,
          0,
          0
        ],
        "SensorType": "CALIBRATION_InertialSensorType_Accelerometer",
        "TemperatureBounds": [
          5,
          60
        ],
        "TemperatureC": 0
      }
    ],
    "Metadata": {
      "SerialId": "000089401812",
      "FactoryCalDate": "5/5/2020 11:03:23 PM GMT",
      "Version": {
        "Major": 1,
        "Minor": 2
      },
      "DeviceName": "AzureKinect-PV",
      "Notes": "PV0_max_radius_invalid"
    }
  }
}